0,0 (7)
1,1 (3)
1,2 (6)
1,3 (3)
1,4 (4)
1,5 (3)
1,6 (2)
1,7 (3)
1,8 (8)
1,9 (5)
1,10 (5)
1,11 (5)
1,12 (1)
1,13 (1)
1,14 (3)
1,15 (2)
1,16 (2)
1,17 (1)
1,18 (4)
1,19 (1)
1,23 (2)
1,24 (3)
1,25 (2)
1,26 (2)
1,27 (3)
1,28 (2)
1,29 (1)
1,30 (2)
1,31 (1)
1,32 (1)
1,34 (2)
1,35 (2)
1,36 (1)
1,37 (1)
1,39 (2)
1,40 (2)
1,41 (3)
1,42 (3)
1,43 (1)
1,44 (4)
1,45 (3)
1,46 (2)
1,47 (4)
1,49 (2)
1,50 (5)
1,51 (1)
1,52 (2)
1,53 (1)
1,54 (1)
1,56 (3)
1,57 (4)
1,59 (2)
1,60 (3)
1,61 (1)
1,62 (3)
1,63 (3)
1,64 (1)
1,65 (3)
1,66 (7)
2,0 (2)
2,1 (3)
2,2 (6)
2,3 (2)
2,4 (5)
2,5 (2)
2,6 (2)
2,7 (4)
2,8 (6)
2,9 (1)
2,10 (5)
2,11 (3)
2,12 (1)
2,13 (1)
2,14 (2)
2,15 (3)
2,17 (3)
2,18 (2)
2,19 (4)
2,20 (1)
2,21 (2)
2,22 (2)
2,24 (2)
2,25 (3)
2,27 (3)
2,28 (2)
2,29 (4)
2,30 (1)
2,32 (3)
2,33 (2)
2,34 (2)
2,35 (3)
2,36 (1)
2,38 (3)
2,39 (1)
2,40 (2)
2,41 (3)
2,42 (2)
2,43 (3)
2,45 (1)
2,46 (1)
2,47 (1)
2,48 (1)
2,49 (5)
2,50 (3)
2,51 (7)
2,52 (2)
2,53 (1)
2,54 (2)
2,55 (2)
2,56 (6)
2,59 (2)
2,61 (1)
2,62 (2)
2,63 (2)
2,64 (4)
2,67 (3)
2,68 (2)
2,69 (2)
2,70 (1)
2,71 (2)
2,72 (1)
2,73 (2)
2,74 (1)
2,75 (1)
2,76 (3)
2,77 (2)
2,78 (3)
2,79 (2)
2,80 (1)
2,81 (1)
2,82 (4)
2,83 (4)
2,231 (1)
3,1 (1)
3,2 (3)
3,3 (2)
3,4 (1)
3,5 (5)
3,6 (4)
3,7 (3)
3,8 (3)
3,9 (5)
3,11 (2)
3,13 (1)
3,14 (3)
3,15 (1)
3,16 (1)
3,17 (4)
3,18 (2)
3,19 (1)
3,20 (1)
3,21 (2)
3,22 (1)
3,23 (1)
3,24 (2)
3,27 (3)
3,28 (3)
3,29 (4)
3,30 (1)
3,31 (1)
3,33 (6)
3,34 (1)
3,35 (2)
3,36 (2)
3,37 (5)
3,38 (1)
3,39 (3)
3,41 (1)
3,42 (4)
3,43 (1)
3,44 (2)
3,45 (2)
3,46 (2)
3,47 (4)
3,48 (4)
3,49 (4)
3,50 (6)
3,51 (3)
3,52 (4)
3,53 (4)
3,54 (2)
3,55 (1)
3,56 (5)
3,57 (4)
3,58 (2)
3,59 (2)
3,60 (2)
3,61 (1)
3,62 (5)
3,63 (2)
3,64 (5)
3,65 (5)
3,66 (3)
3,68 (4)
3,69 (2)
3,71 (6)
3,72 (4)
3,73 (1)
3,74 (2)
3,75 (3)
3,76 (2)
3,77 (4)
3,78 (7)
3,79 (1)
3,117 (1)
4,0 (5)
4,1 (8)
4,2 (6)
4,3 (4)
4,4 (5)
4,5 (6)
4,6 (9)
4,7 (14)
4,8 (9)
4,9 (2)
4,10 (3)
4,11 (2)
4,12 (6)
4,13 (2)
4,14 (1)
4,15 (1)
4,16 (2)
4,17 (1)
4,18 (2)
4,19 (3)
4,20 (5)
4,21 (1)
4,22 (5)
4,23 (3)
4,24 (4)
4,25 (3)
4,26 (6)
4,27 (1)
4,28 (1)
4,29 (6)
4,30 (3)
4,31 (3)
4,32 (3)
4,33 (5)
4,34 (2)
4,35 (2)
4,36 (3)
4,37 (1)
4,38 (4)
4,39 (2)
4,40 (2)
4,41 (1)
4,42 (3)
4,43 (2)
4,44 (1)
4,45 (4)
4,46 (1)
4,47 (6)
4,48 (4)
4,49 (3)
4,50 (2)
4,51 (4)
4,52 (3)
4,53 (3)
4,54 (2)
4,55 (2)
4,56 (2)
4,57 (4)
4,58 (1)
4,59 (2)
4,60 (1)
4,61 (1)
4,63 (7)
4,64 (4)
4,65 (2)
4,67 (2)
4,68 (3)
4,69 (3)
4,70 (6)
4,72 (3)
4,73 (3)
4,74 (2)
4,76 (5)
4,77 (2)
4,78 (3)
4,79 (2)
4,80 (3)
4,81 (2)
4,83 (4)
4,84 (4)
4,85 (1)
4,86 (1)
4,88 (1)
4,89 (3)
4,90 (2)
4,91 (1)
4,93 (2)
4,94 (2)
4,95 (1)
4,96 (3)
4,98 (1)
4,99 (3)
4,100 (3)
4,101 (2)
4,102 (1)
4,103 (2)
4,104 (4)
4,105 (1)
4,106 (1)
4,107 (3)
4,108 (2)
4,109 (2)
4,110 (1)
4,112 (2)
4,113 (1)
4,114 (2)
4,115 (1)
4,116 (1)
4,117 (2)
4,119 (4)
4,120 (2)
4,121 (2)
4,122 (3)
4,123 (3)
4,124 (1)
4,125 (2)
4,126 (3)
4,127 (1)
4,128 (2)
4,129 (1)
4,130 (2)
4,131 (2)
4,132 (2)
4,133 (5)
4,134 (3)
4,136 (4)
4,137 (2)
4,182 (1)
5,0 (2)
5,1 (6)
5,2 (6)
5,3 (6)
5,4 (3)
5,5 (7)
5,6 (7)
5,7 (3)
5,8 (5)
5,9 (1)
5,10 (1)
5,11 (1)
5,12 (1)
5,13 (1)
5,14 (1)
5,15 (4)
5,16 (1)
5,17 (1)
5,19 (2)
5,20 (1)
5,23 (2)
5,24 (1)
5,25 (5)
5,26 (1)
5,27 (2)
5,28 (2)
5,29 (1)
5,30 (3)
5,31 (3)
5,32 (3)
5,33 (1)
5,34 (1)
5,35 (2)
5,36 (1)
5,37 (1)
5,38 (2)
5,40 (1)
5,41 (1)
5,42 (2)
5,43 (2)
5,44 (3)
5,45 (2)
5,49 (1)
5,52 (1)
5,53 (3)
5,55 (1)
5,58 (1)
5,59 (2)
5,60 (2)
5,61 (1)
5,62 (1)
5,63 (3)
5,64 (1)
5,65 (1)
5,66 (1)
5,67 (1)
5,68 (2)
5,69 (1)
5,72 (3)
5,74 (2)
5,76 (1)
5,79 (2)
5,80 (3)
5,81 (2)
5,82 (1)
5,84 (2)
5,86 (3)
5,87 (4)
5,89 (1)
5,90 (2)
5,91 (1)
5,92 (1)
5,94 (2)
5,96 (2)
5,98 (4)
5,100 (1)
5,101 (3)
5,102 (2)
5,103 (3)
5,105 (3)
5,107 (4)
5,108 (3)
5,109 (2)
5,110 (1)
5,112 (2)
5,113 (2)
5,115 (1)
5,118 (3)
5,119 (3)
5,121 (2)
5,122 (1)
5,123 (1)
5,124 (1)
5,125 (2)
5,126 (2)
5,128 (3)
5,129 (2)
5,130 (1)
5,131 (2)
5,132 (1)
5,133 (1)
5,134 (2)
5,135 (4)
5,136 (3)
5,138 (3)
5,139 (3)
5,140 (6)
5,141 (1)
6,0 (1)
6,1 (6)
6,2 (2)
6,3 (1)
6,4 (4)
6,5 (9)
6,6 (7)
6,7 (4)
6,8 (6)
6,9 (3)
6,10 (1)
6,11 (1)
6,12 (2)
6,13 (1)
6,14 (2)
6,16 (2)
6,17 (2)
6,18 (1)
6,19 (1)
6,21 (2)
6,22 (2)
6,23 (1)
6,26 (2)
6,27 (2)
6,28 (3)
6,29 (1)
6,30 (1)
6,31 (1)
6,32 (5)
6,33 (1)
6,34 (2)
6,36 (3)
6,39 (2)
6,40 (2)
6,41 (3)
6,42 (2)
6,43 (5)
6,44 (1)
6,45 (1)
6,46 (2)
6,47 (1)
6,48 (1)
6,49 (2)
6,50 (2)
6,51 (2)
6,52 (1)
6,53 (1)
6,54 (2)
6,55 (1)
6,57 (3)
6,58 (5)
6,59 (3)
6,60 (3)
6,61 (1)
6,62 (5)
6,63 (1)
6,65 (2)
6,67 (2)
6,69 (1)
6,70 (1)
6,71 (1)
6,72 (2)
6,73 (1)
6,74 (2)
6,75 (2)
6,76 (1)
6,77 (1)
6,79 (2)
6,82 (1)
6,85 (1)
6,88 (2)
6,90 (1)
6,91 (1)
6,94 (1)
6,95 (1)
6,101 (1)
6,102 (1)
6,108 (1)
6,109 (1)
6,111 (2)
6,112 (2)
6,114 (1)
6,117 (1)
6,118 (1)
6,119 (2)
6,120 (2)
6,121 (3)
6,123 (1)
6,124 (2)
6,125 (1)
6,126 (4)
6,127 (1)
6,128 (2)
6,129 (2)
6,131 (1)
6,132 (1)
6,133 (1)
6,134 (3)
6,137 (1)
6,138 (1)
6,139 (1)
6,140 (1)
6,141 (1)
6,143 (1)
6,144 (1)
6,145 (1)
6,147 (1)
6,148 (4)
6,149 (1)
6,150 (3)
6,151 (2)
6,155 (1)
6,156 (1)
6,157 (1)
6,159 (3)
6,160 (1)
6,163 (1)
6,164 (2)
6,165 (7)
6,166 (2)
6,167 (4)
7,0 (3)
7,1 (5)
7,2 (6)
7,3 (2)
7,4 (2)
7,5 (3)
7,6 (4)
7,7 (4)
7,8 (3)
7,9 (2)
7,10 (2)
7,11 (3)
7,12 (3)
7,13 (5)
7,15 (2)
7,16 (3)
7,19 (3)
7,21 (1)
7,23 (2)
7,25 (1)
7,26 (2)
7,27 (1)
7,28 (3)
7,29 (2)
7,31 (1)
7,32 (2)
7,33 (3)
7,37 (2)
7,39 (1)
7,40 (1)
7,41 (1)
7,42 (3)
7,43 (2)
7,44 (2)
7,46 (2)
7,47 (1)
7,48 (1)
7,51 (2)
7,52 (1)
7,53 (3)
7,55 (2)
7,57 (2)
7,58 (2)
7,60 (3)
7,61 (1)
7,62 (3)
7,64 (1)
7,65 (3)
7,66 (3)
7,67 (1)
7,68 (1)
7,69 (2)
7,70 (1)
7,71 (3)
7,72 (1)
7,74 (1)
7,75 (2)
7,76 (1)
7,79 (1)
7,80 (1)
7,81 (1)
7,83 (1)
7,84 (2)
7,86 (1)
7,88 (1)
7,89 (3)
7,91 (1)
7,92 (1)
7,93 (2)
7,94 (2)
7,95 (1)
7,97 (1)
7,98 (1)
7,99 (2)
7,102 (1)
7,103 (4)
7,107 (2)
7,110 (2)
7,111 (3)
7,112 (3)
7,113 (3)
8,0 (1)
8,1 (3)
8,2 (3)
8,3 (4)
8,4 (1)
8,5 (1)
8,6 (1)
8,7 (4)
8,8 (2)
8,9 (1)
8,10 (5)
8,11 (1)
8,12 (1)
8,15 (3)
8,17 (1)
8,18 (4)
8,20 (1)
8,22 (3)
8,23 (3)
8,24 (2)
8,26 (1)
8,28 (3)
8,29 (1)
8,30 (2)
8,31 (1)
8,34 (1)
8,35 (1)
8,36 (1)
8,37 (1)
8,38 (1)
9,0 (1)
9,1 (4)
9,2 (3)
9,4 (4)
9,5 (6)
9,6 (4)
9,7 (10)
9,8 (2)
9,9 (3)
9,10 (1)
9,11 (1)
9,12 (2)
9,13 (2)
9,14 (2)
9,15 (1)
9,16 (1)
9,17 (1)
9,18 (3)
9,20 (2)
9,23 (2)
9,24 (2)
9,26 (1)
9,27 (1)
9,28 (1)
9,29 (1)
9,30 (1)
9,32 (1)
9,34 (1)
9,35 (1)
9,36 (3)
9,37 (2)
9,38 (2)
9,39 (1)
9,40 (1)
9,41 (1)
9,42 (1)
9,43 (1)
9,44 (1)
9,45 (1)
9,46 (5)
9,47 (4)
9,49 (1)
9,50 (4)
9,52 (1)
9,54 (1)
9,55 (1)
9,57 (2)
9,58 (1)
9,59 (1)
9,60 (2)
9,61 (2)
9,62 (4)
9,63 (1)
9,64 (2)
9,66 (1)
9,67 (1)
9,68 (1)
9,70 (2)
9,72 (1)
9,74 (1)
9,76 (1)
9,77 (2)
9,78 (1)
9,79 (1)
9,80 (2)
9,81 (5)
9,84 (2)
9,85 (1)
9,86 (2)
9,87 (3)
9,88 (1)
9,89 (3)
9,90 (3)
10,0 (3)
10,1 (6)
10,2 (4)
10,3 (2)
10,4 (2)
10,5 (2)
10,6 (2)
10,7 (4)
10,8 (7)
10,9 (8)
10,12 (1)
10,13 (1)
10,14 (1)
10,16 (1)
10,18 (1)
10,19 (2)
10,20 (1)
10,21 (4)
10,23 (1)
10,24 (5)
10,25 (2)
10,26 (2)
10,27 (1)
10,28 (1)
10,29 (2)
10,30 (1)
10,31 (1)
10,32 (2)
10,33 (1)
10,34 (2)
10,35 (3)
10,36 (2)
10,37 (2)
10,39 (3)
10,40 (1)
10,41 (1)
10,42 (1)
10,43 (1)
10,44 (1)
10,45 (1)
10,50 (2)
10,51 (1)
10,52 (1)
10,55 (1)
10,59 (1)
10,60 (1)
10,61 (1)
10,62 (1)
10,66 (1)
10,67 (4)
10,69 (2)
10,70 (4)
10,72 (2)
10,74 (2)
10,76 (1)
10,77 (1)
10,79 (1)
10,84 (2)
10,87 (2)
10,88 (1)
10,89 (1)
10,90 (2)
10,91 (1)
10,92 (1)
10,93 (1)
10,94 (1)
10,96 (1)
10,98 (1)
10,100 (2)
10,101 (2)
10,102 (2)
10,103 (1)
10,105 (1)
10,107 (2)
10,108 (3)
10,109 (2)
10,110 (2)
10,112 (1)
10,115 (1)
10,116 (3)
10,118 (2)
10,119 (3)
10,120 (2)
10,122 (2)
10,123 (4)
10,124 (2)
10,125 (2)
10,127 (2)
10,128 (1)
10,131 (1)
10,134 (1)
10,139 (1)
10,140 (1)
10,143 (1)
10,145 (1)
10,146 (2)
10,147 (1)
10,149 (2)
10,153 (2)
10,154 (2)
10,157 (1)
10,158 (1)
10,163 (1)
10,164 (3)
10,166 (2)
10,167 (2)
10,168 (2)
10,169 (1)
10,170 (1)
10,171 (1)
10,174 (1)
10,175 (1)
10,176 (1)
10,177 (1)
10,178 (2)
10,179 (1)
10,180 (1)
10,182 (2)
10,184 (1)
10,185 (1)
10,187 (3)
10,189 (3)
10,191 (3)
10,193 (1)
10,195 (1)
10,196 (1)
10,197 (2)
10,199 (1)
10,202 (1)
10,204 (2)
10,205 (1)
10,207 (2)
10,208 (3)
10,210 (2)
10,211 (5)
10,212 (2)
10,216 (5)
10,217 (5)
11,1 (4)
11,2 (5)
11,3 (5)
11,4 (4)
11,5 (1)
11,6 (2)
11,7 (3)
11,8 (2)
11,9 (5)
11,10 (3)
11,11 (3)
11,13 (2)
11,14 (1)
11,15 (1)
11,16 (3)
11,18 (1)
11,21 (1)
11,22 (1)
11,23 (3)
11,24 (1)
11,25 (3)
11,26 (1)
11,27 (1)
11,28 (1)
11,29 (1)
11,30 (2)
11,31 (2)
11,32 (3)
11,33 (1)
11,34 (1)
11,35 (1)
11,37 (1)
11,38 (1)
11,39 (1)
11,40 (1)
11,41 (4)
11,42 (2)
11,43 (1)
11,44 (5)
11,45 (2)
11,46 (1)
11,48 (2)
11,51 (3)
11,52 (1)
11,54 (2)
11,55 (1)
11,56 (2)
11,57 (3)
11,58 (1)
11,59 (1)
11,60 (1)
11,63 (2)
11,64 (1)
11,65 (1)
11,66 (1)
11,68 (1)
11,69 (2)
11,70 (3)
11,71 (1)
11,72 (1)
11,75 (2)
11,76 (2)
11,77 (1)
11,78 (1)
11,80 (3)
11,81 (1)
11,82 (1)
11,83 (3)
12,0 (7)
12,1 (6)
12,2 (5)
12,3 (3)
12,4 (6)
12,5 (4)
12,6 (5)
12,7 (2)
12,8 (9)
12,9 (6)
12,12 (1)
12,13 (1)
12,15 (2)
12,16 (1)
12,18 (1)
12,19 (4)
12,20 (1)
12,21 (1)
12,22 (1)
12,23 (1)
12,24 (2)
12,25 (3)
12,26 (1)
12,28 (1)
12,30 (1)
12,31 (2)
12,32 (1)
12,33 (1)
12,36 (1)
12,37 (1)
12,39 (4)
12,42 (2)
12,44 (2)
12,45 (2)
12,48 (6)
12,49 (3)
12,50 (1)
12,51 (2)
12,52 (2)
12,55 (2)
12,56 (1)
12,57 (1)
12,59 (2)
12,62 (2)
12,66 (2)
12,68 (1)
12,69 (1)
12,71 (1)
12,72 (1)
12,73 (2)
12,74 (1)
12,75 (1)
12,77 (1)
12,78 (3)
12,79 (2)
12,80 (1)
12,81 (2)
12,84 (3)
12,85 (1)
12,88 (1)
12,89 (2)
12,90 (1)
12,91 (3)
12,92 (3)
12,93 (2)
12,95 (2)
12,96 (2)
12,97 (2)
12,99 (2)
12,100 (1)
12,101 (1)
12,102 (1)
12,103 (1)
12,104 (2)
12,105 (1)
12,106 (2)
12,107 (1)
12,108 (3)
12,109 (2)
12,110 (4)
12,111 (2)
12,112 (2)
12,113 (2)
12,115 (2)
12,118 (1)
12,120 (1)
12,122 (1)
12,123 (1)
12,124 (2)
12,126 (1)
12,127 (1)
12,128 (1)
12,130 (2)
12,133 (2)
12,134 (1)
12,135 (2)
12,137 (1)
12,138 (1)
12,139 (2)
12,140 (1)
12,141 (2)
12,143 (1)
12,147 (1)
12,151 (1)
12,153 (3)
12,154 (2)
12,156 (1)
12,157 (1)
12,158 (2)
12,159 (1)
12,160 (1)
12,161 (1)
12,163 (1)
12,166 (1)
12,167 (1)
12,168 (2)
12,169 (2)
12,171 (3)
12,173 (1)
12,174 (2)
12,175 (3)
12,176 (2)
12,178 (1)
12,179 (2)
12,180 (1)
12,182 (1)
12,183 (1)
12,185 (1)
12,186 (2)
12,187 (2)
12,189 (1)
12,190 (3)
12,191 (2)
12,192 (1)
12,193 (1)
12,194 (2)
12,195 (3)
13,0 (2)
13,1 (4)
13,2 (7)
13,3 (3)
13,4 (6)
13,5 (7)
13,6 (5)
13,7 (12)
13,8 (7)
13,9 (6)
13,10 (4)
13,12 (1)
13,15 (1)
13,16 (2)
13,17 (3)
13,18 (3)
13,20 (2)
13,21 (2)
13,22 (2)
13,23 (1)
13,24 (2)
13,25 (1)
13,26 (1)
13,28 (1)
13,29 (1)
13,30 (1)
13,31 (1)
13,32 (1)
13,33 (1)
13,35 (4)
13,36 (1)
13,38 (1)
13,39 (1)
13,40 (1)
13,42 (2)
13,43 (4)
13,45 (3)
13,46 (1)
13,48 (1)
13,51 (1)
13,52 (3)
13,53 (1)
13,54 (1)
13,55 (2)
13,56 (2)
13,57 (1)
13,58 (5)
13,59 (3)
13,60 (1)
13,61 (2)
13,62 (1)
13,63 (1)
13,64 (2)
13,65 (1)
13,66 (1)
13,67 (1)
13,69 (1)
13,70 (2)
13,71 (1)
13,72 (1)
13,74 (1)
13,75 (3)
13,77 (1)
13,78 (1)
13,80 (3)
13,81 (1)
13,84 (1)
13,86 (1)
13,87 (3)
13,88 (2)
13,91 (3)
13,93 (1)
13,94 (4)
13,95 (4)
13,96 (2)
13,97 (1)
13,98 (3)
13,99 (4)
13,100 (1)
13,102 (2)
13,103 (1)
13,104 (1)
13,105 (1)
13,107 (1)
13,108 (1)
13,109 (3)
13,110 (2)
13,112 (1)
13,116 (1)
13,118 (2)
13,121 (3)
13,122 (5)
13,124 (2)
13,126 (5)
13,128 (1)
13,131 (1)
13,132 (2)
13,133 (4)
13,134 (3)
13,135 (2)
13,136 (2)
13,139 (1)
13,140 (2)
13,141 (2)
13,142 (2)
13,143 (1)
13,144 (1)
13,145 (1)
13,146 (1)
13,147 (2)
13,148 (2)
13,149 (1)
13,150 (1)
13,151 (1)
13,152 (6)
13,155 (3)
13,156 (2)
13,158 (1)
13,160 (2)
13,161 (1)
13,163 (1)
13,165 (4)
13,166 (4)
13,168 (3)
13,169 (1)
13,170 (2)
13,172 (1)
13,173 (3)
13,174 (1)
13,176 (1)
13,177 (1)
13,179 (1)
13,180 (2)
13,181 (3)
13,183 (2)
13,187 (1)
13,190 (2)
13,194 (3)
13,195 (3)
13,196 (4)
13,336 (1)
14,1 (4)
14,2 (5)
14,3 (4)
14,4 (3)
14,5 (1)
14,6 (2)
14,7 (6)
14,8 (4)
14,9 (1)
14,10 (1)
14,11 (2)
14,12 (4)
14,13 (4)
14,15 (2)
14,16 (1)
14,18 (2)
14,19 (5)
14,23 (3)
14,24 (2)
14,25 (2)
14,26 (2)
14,27 (2)
14,28 (3)
14,29 (6)
14,30 (3)
14,31 (1)
14,32 (1)
14,33 (2)
14,34 (2)
14,35 (2)
14,36 (1)
14,37 (3)
14,38 (1)
14,39 (2)
14,40 (1)
14,41 (1)
14,42 (3)
14,43 (1)
14,44 (1)
14,45 (2)
14,46 (1)
14,47 (2)
14,48 (1)
14,49 (1)
14,50 (1)
14,51 (2)
14,52 (2)
14,53 (1)
14,54 (1)
14,55 (1)
14,56 (3)
14,57 (3)
14,59 (2)
14,61 (1)
14,62 (2)
14,63 (5)
14,64 (2)
14,65 (2)
14,66 (3)
14,67 (3)
14,68 (2)
14,69 (1)
14,70 (1)
14,71 (1)
14,72 (1)
14,74 (1)
14,75 (1)
14,76 (3)
14,77 (2)
14,78 (2)
14,79 (2)
14,80 (2)
14,83 (1)
14,84 (3)
14,85 (1)
14,86 (2)
14,88 (2)
14,89 (1)
14,90 (3)
15,0 (3)
15,1 (7)
15,2 (7)
15,3 (3)
15,4 (5)
15,5 (5)
15,6 (4)
15,7 (5)
15,8 (5)
15,9 (2)
15,11 (2)
15,12 (2)
15,14 (1)
15,15 (1)
15,16 (1)
15,18 (1)
15,19 (4)
15,21 (1)
15,23 (1)
15,29 (1)
15,30 (1)
15,32 (1)
15,33 (1)
15,34 (1)
15,38 (1)
15,39 (1)
15,41 (3)
15,44 (1)
15,45 (1)
15,48 (2)
15,49 (3)
15,50 (3)
15,51 (2)
15,52 (1)
15,53 (2)
15,55 (1)
15,56 (1)
15,57 (2)
15,58 (2)
15,59 (3)
15,60 (1)
15,61 (1)
15,62 (1)
15,63 (2)
15,65 (3)
15,66 (1)
15,68 (1)
15,70 (1)
15,72 (1)
15,74 (1)
15,75 (1)
15,78 (2)
15,79 (1)
15,81 (1)
15,82 (2)
15,84 (1)
15,85 (2)
15,86 (1)
15,87 (2)
15,88 (3)
15,89 (3)
15,90 (3)
15,91 (2)
15,92 (3)
15,94 (1)
15,95 (2)
15,97 (2)
15,99 (1)
15,100 (1)
15,101 (2)
15,102 (2)
15,103 (2)
15,111 (1)
15,112 (1)
15,113 (4)
15,114 (1)
15,117 (2)
15,118 (1)
15,120 (4)
15,124 (3)
15,125 (2)
15,126 (1)
15,127 (2)
15,128 (1)
15,129 (2)
15,130 (2)
15,132 (1)
15,134 (2)
15,135 (1)
15,136 (2)
15,137 (3)
15,138 (2)
15,139 (1)
15,140 (2)
15,141 (1)
15,142 (1)
15,144 (1)
15,148 (4)
15,149 (2)
16,0 (1)
16,1 (3)
16,2 (4)
16,3 (4)
16,4 (5)
16,5 (7)
16,6 (7)
16,7 (1)
16,8 (4)
16,9 (4)
16,10 (2)
16,11 (3)
16,12 (1)
16,14 (1)
16,15 (2)
16,17 (1)
16,19 (2)
16,20 (1)
16,21 (1)
16,22 (1)
16,26 (1)
16,27 (1)
16,28 (3)
16,30 (1)
16,36 (2)
16,37 (2)
16,39 (2)
16,40 (2)
16,42 (1)
16,43 (1)
16,44 (1)
16,45 (2)
16,46 (1)
16,47 (1)
16,48 (1)
16,49 (1)
16,50 (1)
16,51 (2)
16,53 (1)
16,55 (2)
16,59 (1)
16,60 (1)
16,62 (1)
16,63 (1)
16,65 (1)
16,67 (4)
16,69 (1)
16,70 (1)
16,72 (2)
16,73 (1)
16,75 (1)
16,76 (3)
16,77 (1)
16,79 (4)
16,80 (2)
16,81 (1)
16,83 (2)
16,84 (1)
16,85 (3)
16,86 (1)
16,87 (3)
16,88 (1)
16,90 (1)
16,91 (2)
16,92 (1)
16,94 (1)
16,95 (1)
16,97 (2)
16,99 (1)
16,102 (2)
16,103 (1)
16,104 (1)
16,105 (2)
16,108 (1)
16,110 (1)
16,111 (1)
16,113 (2)
16,114 (2)
16,115 (1)
16,116 (2)
16,118 (2)
16,121 (5)
16,123 (2)
17,0 (5)
17,1 (6)
17,2 (7)
17,3 (4)
17,4 (5)
17,5 (4)
17,6 (5)
17,7 (10)
17,8 (3)
17,9 (7)
17,12 (1)
17,13 (1)
17,15 (2)
17,17 (1)
17,18 (4)
17,19 (4)
17,20 (3)
17,21 (1)
17,23 (2)
17,24 (1)
17,26 (2)
17,27 (2)
17,28 (4)
17,32 (1)
17,33 (2)
17,34 (5)
17,35 (3)
17,36 (1)
17,37 (2)
17,38 (1)
17,43 (3)
17,44 (4)
17,45 (4)
17,46 (2)
17,47 (2)
17,48 (3)
17,49 (2)
17,50 (1)
17,51 (2)
17,52 (2)
17,54 (1)
17,55 (1)
17,56 (3)
17,57 (1)
17,58 (1)
17,59 (2)
17,60 (3)
17,61 (1)
17,62 (1)
17,63 (1)
17,64 (1)
17,65 (2)
17,66 (1)
17,67 (1)
17,70 (1)
17,71 (1)
17,72 (1)
17,73 (2)
17,74 (2)
17,76 (3)
17,77 (1)
17,81 (1)
17,82 (1)
17,83 (3)
17,84 (3)
17,85 (1)
17,86 (1)
17,87 (3)
17,88 (2)
17,91 (2)
17,92 (1)
17,93 (2)
17,97 (1)
17,104 (1)
17,106 (2)
17,107 (1)
17,108 (3)
17,109 (2)
17,110 (1)
17,112 (3)
17,113 (5)
17,115 (1)
17,121 (3)
17,122 (4)
17,124 (1)
17,125 (1)
17,126 (2)
17,127 (1)
17,128 (4)
17,129 (3)
17,130 (4)
17,131 (1)
17,132 (2)
17,133 (2)
17,134 (1)
17,135 (3)
17,137 (1)
17,138 (4)
17,139 (3)
17,141 (2)
17,142 (2)
17,143 (5)
17,144 (1)
17,147 (1)
17,148 (1)
17,150 (1)
17,151 (2)
17,153 (3)
17,155 (2)
17,156 (2)
17,157 (2)
17,158 (1)
17,159 (1)
17,161 (3)
17,163 (2)
17,164 (1)
17,167 (2)
17,170 (3)
18,0 (7)
18,1 (8)
18,2 (14)
18,3 (16)
18,4 (10)
18,5 (13)
18,6 (11)
18,7 (14)
18,8 (13)
18,9 (17)
18,10 (3)
18,12 (3)
18,13 (1)
18,14 (4)
18,15 (4)
18,16 (2)
18,18 (4)
18,19 (1)
18,20 (2)
18,23 (3)
18,27 (1)
18,29 (1)
18,32 (2)
18,33 (1)
18,35 (1)
18,37 (1)
18,38 (1)
18,39 (1)
18,41 (3)
18,44 (2)
18,45 (1)
18,46 (3)
18,47 (4)
18,48 (2)
18,49 (2)
18,50 (1)
18,54 (1)
18,55 (3)
18,57 (1)
18,58 (2)
18,59 (2)
18,60 (2)
18,61 (2)
18,62 (2)
18,63 (2)
18,69 (1)
18,70 (1)
18,71 (5)
18,72 (2)
18,73 (4)
18,74 (2)
18,77 (2)
18,78 (4)
18,80 (1)
18,81 (3)
18,82 (3)
18,83 (1)
18,84 (2)
18,85 (4)
18,86 (2)
18,87 (3)
18,88 (5)
18,89 (2)
18,90 (3)
18,91 (3)
18,92 (4)
18,93 (3)
18,96 (3)
18,97 (5)
18,98 (1)
18,99 (4)
18,101 (4)
18,102 (3)
18,103 (2)
18,104 (2)
18,105 (2)
18,106 (2)
18,107 (1)
18,108 (2)
18,109 (2)
18,112 (1)
18,113 (1)
18,114 (2)
18,115 (5)
18,116 (2)
18,117 (1)
18,118 (3)
18,120 (2)
18,121 (4)
18,122 (2)
18,124 (2)
18,127 (1)
18,128 (2)
18,129 (3)
18,130 (1)
18,131 (2)
18,132 (2)
18,133 (2)
18,134 (1)
18,135 (1)
18,137 (3)
18,138 (1)
18,139 (2)
18,141 (1)
18,142 (5)
18,144 (1)
18,145 (1)
18,146 (1)
18,147 (4)
18,149 (1)
18,150 (1)
18,151 (1)
18,152 (1)
18,154 (1)
18,156 (1)
18,157 (1)
18,158 (1)
18,159 (1)
18,161 (1)
18,163 (1)
18,164 (2)
18,165 (2)
18,166 (1)
18,169 (2)
18,170 (1)
18,173 (3)
18,174 (2)
18,175 (2)
18,177 (2)
18,178 (1)
18,181 (2)
18,182 (1)
18,186 (1)
18,187 (1)
18,188 (1)
18,191 (1)
18,195 (1)
18,204 (3)
18,205 (1)
18,207 (1)
18,208 (1)
18,209 (2)
18,211 (6)
18,212 (1)
18,213 (1)
18,214 (2)
18,215 (1)
18,217 (1)
18,218 (1)
18,220 (1)
18,222 (1)
18,223 (2)
18,224 (2)
18,227 (1)
18,228 (1)
18,229 (2)
18,230 (2)
18,232 (1)
18,236 (1)
18,238 (1)
18,240 (2)
18,243 (4)
18,244 (1)
18,245 (1)
18,247 (2)
18,248 (1)
18,249 (1)
18,250 (1)
18,251 (1)
18,252 (1)
18,253 (1)
18,255 (2)
18,258 (2)
18,260 (1)
18,261 (1)
18,262 (2)
18,264 (1)
18,266 (2)
18,267 (2)
18,269 (3)
18,270 (2)
18,271 (1)
18,272 (2)
18,273 (1)
18,274 (1)
18,275 (1)
18,277 (3)
18,278 (1)
18,279 (1)
18,280 (3)
18,281 (1)
18,282 (1)
18,286 (1)
18,288 (1)
18,289 (1)
18,292 (2)
18,293 (1)
18,294 (2)
18,295 (1)
18,296 (2)
18,297 (1)
18,298 (2)
18,302 (2)
18,304 (1)
18,306 (1)
18,308 (2)
18,309 (3)
18,310 (1)
18,311 (1)
18,314 (2)
18,315 (3)
18,316 (2)
18,318 (1)
18,319 (3)
18,320 (1)
18,322 (2)
18,324 (1)
18,327 (1)
18,328 (2)
18,329 (2)
18,330 (1)
18,331 (1)
18,332 (2)
18,333 (1)
18,334 (1)
18,337 (1)
18,341 (2)
18,342 (1)
18,343 (2)
18,344 (1)
18,346 (3)
18,348 (1)
18,349 (2)
18,351 (2)
18,353 (3)
18,354 (1)
18,355 (1)
18,358 (1)
18,359 (1)
18,361 (1)
18,363 (2)
18,365 (1)
18,366 (1)
18,367 (1)
18,368 (2)
18,369 (3)
18,370 (4)
18,371 (2)
18,373 (2)
18,377 (3)
18,380 (2)
18,382 (1)
18,383 (1)
18,384 (1)
18,386 (1)
18,387 (2)
18,388 (2)
18,390 (2)
18,392 (3)
18,395 (2)
18,396 (1)
18,398 (1)
18,399 (1)
18,403 (1)
18,404 (2)
18,405 (3)
18,406 (2)
18,407 (1)
19,0 (4)
19,1 (4)
19,2 (4)
19,3 (1)
19,4 (7)
19,5 (6)
19,6 (7)
19,7 (5)
19,8 (4)
19,9 (6)
19,10 (1)
19,11 (1)
19,12 (1)
19,14 (1)
19,15 (1)
19,16 (1)
19,17 (1)
19,18 (1)
19,20 (1)
19,21 (2)
19,22 (2)
19,23 (1)
19,24 (1)
19,27 (4)
19,28 (3)
19,29 (1)
19,30 (4)
19,31 (1)
19,32 (1)
19,33 (2)
19,34 (2)
19,36 (1)
19,37 (1)
19,38 (3)
19,39 (4)
19,42 (1)
19,43 (1)
19,45 (1)
19,46 (2)
19,47 (2)
19,48 (2)
19,49 (1)
19,50 (4)
19,53 (5)
19,57 (3)
19,58 (1)
19,59 (1)
19,60 (1)
19,63 (6)
19,64 (2)
19,65 (5)
19,66 (3)
19,67 (2)
19,68 (3)
19,69 (4)
19,70 (2)
19,72 (1)
19,73 (1)
19,75 (4)
19,76 (1)
19,77 (1)
19,78 (1)
19,79 (1)
19,80 (1)
19,81 (2)
19,82 (2)
19,83 (1)
19,84 (2)
19,85 (2)
19,87 (2)
19,88 (1)
19,89 (4)
19,90 (5)
19,91 (3)
19,92 (1)
19,93 (1)
19,94 (2)
19,95 (5)
19,96 (2)
19,97 (3)
19,98 (1)
19,99 (5)
19,101 (1)
19,103 (2)
19,104 (4)
19,105 (4)
19,106 (2)
19,107 (2)
19,108 (4)
19,109 (4)
19,110 (1)
19,111 (2)
19,112 (3)
19,113 (3)
19,114 (2)
19,117 (2)
19,118 (1)
20,0 (9)
20,1 (2)
20,2 (5)
20,3 (8)
20,4 (2)
20,5 (11)
20,6 (3)
20,7 (11)
20,8 (7)
20,9 (7)
20,10 (1)
20,11 (1)
20,12 (1)
20,13 (1)
20,14 (1)
20,15 (1)
20,16 (1)
20,17 (1)
20,18 (1)
20,19 (2)
20,20 (1)
20,21 (2)
20,22 (2)
20,23 (2)
20,24 (4)
20,26 (1)
20,27 (2)
20,29 (2)
20,30 (1)
20,31 (3)
20,32 (1)
20,33 (2)
20,34 (1)
20,35 (1)
20,39 (3)
20,40 (3)
20,41 (1)
20,42 (1)
20,43 (1)
20,46 (1)
20,48 (1)
20,49 (2)
20,50 (5)
20,51 (1)
20,52 (2)
20,55 (2)
20,56 (1)
20,57 (1)
20,58 (1)
20,60 (2)
20,61 (3)
20,63 (1)
20,64 (3)
20,65 (5)
20,66 (1)
20,67 (1)
20,68 (1)
20,69 (1)
20,70 (3)
20,71 (2)
20,72 (1)
20,73 (2)
20,74 (1)
20,76 (1)
20,77 (1)
20,78 (1)
20,79 (1)
20,81 (3)
20,84 (1)
20,85 (2)
20,86 (2)
20,87 (4)
20,88 (2)
20,89 (1)
20,92 (1)
20,93 (1)
20,94 (1)
20,95 (3)
20,96 (1)
20,100 (1)
20,101 (1)
20,102 (2)
20,104 (2)
20,105 (3)
20,106 (1)
20,107 (2)
20,108 (8)
20,109 (6)
20,111 (2)
20,112 (2)
20,113 (1)
20,116 (1)
20,117 (1)
20,118 (1)
20,119 (2)
20,120 (1)
20,121 (1)
20,122 (1)
20,123 (2)
20,124 (2)
20,126 (4)
20,127 (1)
20,128 (5)
20,129 (1)
20,130 (2)
20,132 (4)
20,134 (4)
20,135 (3)
20,137 (2)
20,138 (1)
20,139 (1)
20,141 (1)
20,143 (2)
20,144 (3)
20,145 (2)
20,146 (4)
20,148 (2)
20,149 (1)
20,150 (1)
20,153 (2)
20,154 (2)
20,155 (2)
20,156 (1)
20,157 (1)
20,159 (2)
20,164 (2)
20,166 (3)
20,167 (3)
20,169 (1)
20,170 (1)
20,171 (1)
20,172 (2)
20,173 (2)
20,175 (2)
20,177 (1)
20,178 (1)
20,179 (3)
20,181 (3)
20,185 (1)
20,187 (2)
20,188 (1)
20,189 (1)
20,190 (4)
20,191 (2)
20,192 (1)
20,193 (1)
20,194 (1)
20,195 (4)
20,196 (1)
20,197 (3)
20,198 (2)
20,199 (1)
20,200 (1)
20,203 (1)
20,204 (1)
20,205 (1)
20,210 (1)
20,213 (2)
20,214 (1)
20,216 (2)
20,220 (1)
20,222 (1)
20,223 (1)
20,224 (2)
20,225 (2)
20,226 (10)
20,227 (2)
20,228 (5)
20,229 (2)
20,230 (2)
20,283 (1)
21,0 (2)
21,1 (10)
21,2 (9)
21,3 (7)
21,4 (7)
21,5 (10)
21,6 (8)
21,7 (8)
21,8 (12)
21,9 (14)
21,10 (5)
21,11 (3)
21,12 (5)
21,13 (3)
21,14 (3)
21,15 (3)
21,16 (3)
21,17 (1)
21,18 (1)
21,20 (2)
21,21 (1)
21,23 (1)
21,24 (1)
21,25 (2)
21,26 (1)
21,28 (2)
21,29 (5)
21,30 (5)
21,31 (1)
21,32 (2)
21,35 (1)
21,36 (1)
21,38 (2)
21,39 (2)
21,41 (1)
21,42 (2)
21,43 (1)
21,44 (1)
21,48 (1)
21,49 (3)
21,50 (1)
21,51 (2)
21,52 (1)
21,53 (1)
21,54 (2)
21,56 (3)
21,57 (1)
21,58 (1)
21,59 (1)
21,60 (2)
21,62 (1)
21,63 (3)
21,67 (2)
21,70 (1)
21,71 (1)
21,72 (2)
21,73 (1)
21,74 (1)
21,76 (1)
21,77 (2)
21,78 (2)
21,79 (3)
21,80 (5)
21,81 (2)
21,82 (2)
21,85 (3)
21,86 (2)
21,89 (1)
21,90 (1)
21,91 (1)
21,92 (1)
21,93 (1)
21,94 (2)
21,97 (2)
21,98 (5)
21,99 (1)
21,100 (4)
21,101 (1)
21,103 (5)
21,104 (1)
21,106 (1)
21,107 (3)
21,109 (2)
21,110 (1)
21,112 (1)
21,113 (2)
21,114 (3)
21,115 (3)
21,116 (3)
21,118 (2)
21,119 (2)
21,121 (2)
21,122 (4)
21,123 (1)
21,124 (2)
21,125 (1)
21,127 (2)
21,128 (1)
21,129 (1)
21,131 (1)
21,132 (1)
21,133 (1)
21,134 (2)
21,138 (1)
21,139 (1)
21,140 (2)
21,142 (3)
21,144 (1)
21,145 (1)
21,146 (3)
21,147 (1)
21,148 (2)
21,222 (1)
22,0 (12)
22,1 (6)
22,2 (8)
22,3 (13)
22,4 (7)
22,5 (13)
22,6 (11)
22,7 (9)
22,8 (12)
22,9 (14)
22,10 (3)
22,11 (2)
22,12 (2)
22,16 (4)
22,17 (2)
22,18 (2)
22,19 (2)
22,21 (1)
22,23 (3)
22,24 (1)
22,26 (2)
22,27 (1)
22,28 (3)
22,29 (4)
22,30 (3)
22,32 (2)
22,33 (2)
22,34 (1)
22,35 (2)
22,36 (2)
22,37 (2)
22,38 (2)
22,39 (1)
22,40 (1)
22,41 (1)
22,42 (2)
22,44 (1)
22,46 (1)
22,47 (1)
22,50 (2)
22,51 (2)
22,52 (1)
22,56 (1)
22,57 (1)
22,58 (3)
22,59 (1)
22,61 (1)
22,62 (3)
22,65 (3)
22,66 (2)
22,68 (2)
22,69 (4)
22,71 (1)
22,74 (2)
22,75 (1)
22,76 (3)
22,77 (1)
22,79 (1)
22,80 (1)
22,81 (1)
22,82 (2)
22,83 (1)
22,84 (2)
22,85 (1)
22,86 (1)
22,87 (1)
22,89 (2)
22,90 (2)
22,91 (1)
22,92 (5)
22,93 (1)
22,95 (1)
22,96 (1)
22,97 (2)
22,99 (1)
22,101 (1)
22,102 (1)
22,103 (4)
22,105 (2)
22,106 (2)
22,107 (3)
22,108 (2)
22,109 (1)
22,110 (1)
22,111 (1)
22,113 (2)
22,114 (1)
22,115 (2)
22,116 (1)
22,117 (1)
22,120 (1)
22,122 (1)
22,123 (1)
22,128 (1)
22,130 (1)
22,131 (1)
22,132 (2)
22,133 (1)
22,134 (1)
22,135 (1)
22,136 (2)
22,137 (2)
22,138 (1)
22,139 (1)
22,140 (2)
22,142 (1)
22,144 (2)
22,146 (1)
22,149 (1)
22,151 (2)
22,153 (1)
22,158 (2)
22,159 (4)
22,160 (2)
22,161 (1)
22,163 (1)
22,164 (1)
22,167 (1)
22,169 (1)
22,170 (2)
22,173 (2)
22,175 (3)
22,177 (1)
22,178 (2)
22,179 (1)
22,180 (1)
22,181 (5)
22,182 (4)
22,183 (1)
22,184 (3)
22,185 (2)
22,186 (4)
22,187 (2)
22,188 (1)
22,189 (1)
22,190 (1)
22,192 (2)
22,193 (2)
22,194 (2)
22,195 (2)
22,196 (2)
22,198 (1)
22,199 (2)
22,200 (5)
22,201 (1)
22,202 (3)
22,203 (1)
22,204 (3)
22,205 (2)
22,206 (3)
22,208 (2)
22,209 (1)
22,211 (3)
22,212 (2)
22,215 (1)
22,216 (1)
22,217 (1)
22,218 (2)
22,219 (2)
22,220 (2)
22,221 (2)
22,222 (1)
22,224 (4)
22,226 (1)
22,227 (1)
22,228 (2)
22,229 (2)
22,230 (1)
22,231 (1)
22,232 (3)
22,233 (2)
22,234 (2)
22,236 (1)
22,237 (1)
22,238 (2)
22,239 (3)
22,241 (1)
22,243 (1)
22,245 (1)
22,248 (1)
22,249 (2)
22,252 (3)
22,253 (2)
22,254 (3)
22,255 (1)
22,257 (1)
22,258 (1)
22,259 (3)
23,0 (2)
23,1 (8)
23,2 (4)
23,3 (4)
23,4 (5)
23,5 (1)
23,6 (5)
23,7 (6)
23,8 (1)
23,9 (3)
23,10 (1)
23,11 (1)
23,15 (2)
23,17 (3)
23,18 (2)
23,20 (2)
23,21 (1)
23,22 (1)
23,23 (1)
23,24 (2)
23,25 (3)
23,26 (2)
23,27 (3)
23,30 (1)
23,31 (1)
23,32 (3)
23,33 (2)
23,36 (2)
23,37 (2)
23,40 (2)
23,41 (3)
23,42 (2)
23,46 (1)
23,48 (1)
23,49 (2)
23,50 (2)
23,51 (1)
23,53 (1)
23,54 (2)
23,55 (1)
23,57 (3)
23,58 (1)
23,59 (1)
23,61 (3)
23,62 (2)
23,63 (4)
23,64 (1)
23,66 (1)
23,68 (1)
23,69 (4)
23,70 (1)
23,71 (3)
23,74 (1)
23,75 (1)
23,76 (1)
23,78 (4)
23,79 (3)
23,80 (1)
23,81 (2)
23,82 (1)
23,83 (3)
23,84 (7)
23,85 (4)
23,86 (2)
23,87 (2)
23,88 (3)
23,91 (1)
23,92 (2)
23,93 (2)
23,94 (5)
24,0 (5)
24,1 (11)
24,2 (2)
24,3 (3)
24,4 (7)
24,5 (3)
24,6 (10)
24,7 (12)
24,8 (9)
24,9 (6)
24,10 (1)
24,11 (2)
24,12 (1)
24,14 (1)
24,15 (1)
24,17 (2)
24,18 (1)
24,19 (1)
24,20 (4)
24,22 (1)
24,24 (2)
24,25 (5)
24,26 (2)
24,27 (1)
24,29 (2)
24,30 (1)
24,31 (3)
24,32 (1)
24,34 (1)
24,38 (1)
24,39 (1)
24,40 (2)
24,41 (1)
24,43 (1)
24,44 (1)
24,49 (1)
24,50 (2)
24,51 (1)
24,52 (2)
24,54 (1)
24,56 (1)
24,57 (3)
24,58 (1)
24,59 (1)
24,60 (2)
24,61 (1)
24,65 (2)
24,66 (1)
24,68 (1)
24,70 (1)
24,72 (5)
24,74 (4)
24,76 (1)
24,79 (2)
24,80 (1)
24,81 (1)
24,82 (3)
24,83 (2)
24,84 (1)
24,85 (2)
24,86 (2)
24,87 (5)
24,88 (1)
24,91 (2)
24,92 (3)
24,93 (3)
24,94 (1)
24,95 (4)
24,96 (2)
24,97 (1)
24,98 (2)
24,101 (2)
24,102 (2)
24,103 (3)
24,104 (3)
24,105 (2)
24,110 (1)
24,111 (2)
24,114 (1)
24,115 (2)
24,116 (1)
24,118 (2)
24,119 (4)
24,121 (2)
24,122 (1)
24,123 (1)
24,124 (2)
24,125 (2)
24,126 (2)
24,127 (1)
24,128 (1)
24,129 (2)
24,132 (2)
24,133 (2)
24,135 (4)
24,136 (3)
24,137 (1)
24,138 (3)
24,139 (1)
24,140 (1)
24,143 (1)
24,148 (1)
24,150 (1)
24,151 (2)
24,152 (2)
24,153 (2)
24,154 (1)
24,156 (2)
24,159 (1)
24,160 (1)
24,162 (2)
24,163 (2)
24,168 (2)
24,169 (1)
24,171 (1)
24,172 (1)
24,174 (2)
24,177 (2)
24,178 (2)
24,180 (2)
24,181 (2)
24,184 (2)
24,186 (2)
24,187 (1)
24,189 (1)
24,190 (1)
24,193 (1)
24,194 (2)
24,195 (2)
24,196 (1)
24,197 (1)
24,199 (6)
24,200 (1)
24,201 (2)
24,203 (3)
24,204 (2)
24,205 (2)
24,206 (1)
24,207 (1)
24,208 (3)
24,210 (4)
24,211 (2)
24,214 (1)
24,216 (2)
24,217 (2)
24,218 (1)
24,219 (3)
24,220 (1)
24,221 (1)
24,223 (1)
24,225 (3)
24,227 (5)
24,228 (4)
24,229 (1)
24,230 (1)
24,231 (5)
24,232 (3)
24,252 (1)
25,0 (5)
25,1 (19)
25,2 (13)
25,3 (10)
25,4 (10)
25,5 (11)
25,6 (12)
25,7 (13)
25,8 (11)
25,9 (15)
25,10 (4)
25,12 (3)
25,13 (2)
25,14 (1)
25,15 (3)
25,16 (2)
25,17 (1)
25,21 (1)
25,22 (1)
25,23 (1)
25,24 (1)
25,25 (1)
25,26 (2)
25,28 (1)
25,29 (1)
25,30 (1)
25,32 (2)
25,33 (2)
25,35 (1)
25,36 (1)
25,38 (1)
25,39 (1)
25,40 (1)
25,41 (3)
25,42 (6)
25,43 (4)
25,44 (3)
25,45 (1)
25,46 (1)
25,47 (1)
25,48 (1)
25,49 (4)
25,51 (2)
25,52 (1)
25,54 (1)
25,56 (1)
25,57 (3)
25,58 (2)
25,64 (1)
25,65 (1)
25,66 (2)
25,68 (3)
25,70 (1)
25,71 (1)
25,72 (3)
25,73 (1)
25,74 (4)
25,75 (1)
25,76 (1)
25,77 (1)
25,78 (1)
25,79 (1)
25,80 (1)
25,81 (1)
25,82 (1)
25,87 (2)
25,88 (1)
25,89 (1)
25,90 (1)
25,91 (1)
25,92 (4)
25,93 (1)
25,94 (2)
25,97 (2)
25,98 (1)
25,99 (3)
25,100 (4)
25,101 (1)
25,103 (2)
25,104 (1)
25,105 (3)
25,106 (1)
25,107 (1)
25,108 (1)
25,116 (1)
25,118 (1)
25,119 (1)
25,120 (2)
25,121 (3)
25,124 (3)
25,125 (4)
25,127 (4)
25,128 (1)
25,129 (1)
25,130 (3)
25,131 (2)
25,134 (2)
25,135 (3)
25,136 (3)
25,137 (2)
25,139 (1)
25,140 (4)
25,142 (3)
25,143 (4)
25,144 (1)
25,146 (1)
25,148 (2)
25,150 (3)
25,152 (2)
25,153 (4)
25,158 (2)
25,159 (1)
25,160 (1)
25,163 (1)
25,164 (2)
25,165 (2)
25,166 (1)
25,168 (1)
25,169 (3)
25,171 (1)
25,173 (1)
25,174 (1)
25,175 (1)
25,176 (3)
25,180 (3)
25,181 (1)
25,182 (2)
25,183 (1)
25,186 (2)
25,187 (2)
25,193 (2)
25,195 (1)
25,196 (2)
25,197 (2)
25,198 (2)
25,199 (1)
25,202 (1)
25,203 (1)
25,204 (1)
25,207 (3)
25,210 (1)
25,211 (1)
25,214 (2)
25,216 (1)
25,220 (1)
25,222 (2)
25,225 (4)
25,226 (1)
25,227 (2)
25,228 (2)
25,229 (1)
25,230 (3)
25,231 (5)
25,232 (1)
25,235 (1)
25,236 (3)
25,237 (1)
25,238 (4)
25,243 (1)
25,246 (1)
25,247 (1)
25,248 (3)
25,249 (1)
25,250 (1)
25,251 (1)
25,253 (1)
25,254 (2)
25,255 (2)
25,257 (1)
25,258 (2)
25,260 (2)
25,261 (2)
25,262 (1)
25,263 (1)
25,265 (2)
25,266 (1)
25,268 (1)
25,269 (1)
25,271 (1)
25,273 (3)
25,274 (2)
25,275 (1)
25,276 (1)
25,284 (1)
25,289 (2)
25,290 (4)
25,291 (1)
25,292 (3)
25,293 (1)
25,294 (2)
25,295 (1)
25,296 (6)
25,297 (1)
25,298 (2)
25,329 (1)
26,0 (10)
26,1 (11)
26,2 (11)
26,3 (10)
26,4 (10)
26,5 (11)
26,6 (7)
26,7 (7)
26,8 (6)
26,9 (19)
26,11 (1)
26,12 (2)
26,14 (2)
26,15 (1)
26,17 (2)
26,18 (2)
26,20 (3)
26,21 (1)
26,22 (2)
26,23 (2)
26,24 (1)
26,25 (1)
26,26 (4)
26,27 (1)
26,28 (2)
26,29 (1)
26,31 (1)
26,32 (1)
26,34 (1)
26,36 (1)
26,37 (2)
26,38 (1)
26,41 (1)
26,44 (3)
26,46 (2)
26,47 (3)
26,48 (1)
26,49 (1)
26,52 (1)
26,53 (1)
26,55 (1)
26,56 (1)
26,57 (3)
26,58 (2)
26,59 (1)
26,60 (3)
26,62 (1)
26,63 (2)
26,64 (1)
26,65 (3)
26,66 (2)
26,69 (2)
26,71 (1)
26,72 (1)
26,74 (2)
26,75 (2)
26,76 (2)
26,77 (1)
26,78 (2)
26,80 (2)
26,82 (2)
26,83 (1)
26,85 (1)
26,86 (1)
26,87 (1)
26,89 (2)
26,91 (1)
26,92 (3)
26,94 (1)
26,95 (2)
26,96 (3)
26,97 (2)
26,98 (1)
26,104 (1)
26,105 (1)
26,108 (2)
26,109 (1)
26,110 (1)
26,112 (1)
26,114 (1)
26,116 (2)
26,119 (1)
26,121 (1)
26,122 (2)
26,126 (1)
26,128 (3)
26,129 (2)
26,133 (1)
26,135 (1)
26,136 (1)
26,137 (1)
26,139 (2)
26,140 (2)
26,141 (1)
26,142 (4)
26,143 (1)
26,144 (5)
26,145 (2)
26,146 (1)
26,148 (3)
26,149 (1)
26,151 (1)
26,157 (1)
26,159 (1)
26,161 (2)
26,162 (1)
26,164 (2)
26,168 (1)
26,171 (2)
26,172 (1)
26,175 (1)
26,177 (2)
26,179 (1)
26,180 (2)
26,183 (1)
26,184 (1)
26,187 (1)
26,189 (2)
26,190 (1)
26,191 (1)
26,193 (1)
26,195 (2)
26,196 (2)
26,198 (2)
26,199 (1)
26,200 (2)
26,201 (2)
26,202 (1)
26,203 (1)
26,204 (1)
26,205 (2)
26,206 (1)
26,207 (1)
26,208 (2)
26,213 (2)
26,216 (1)
26,217 (1)
26,219 (2)
26,221 (1)
26,222 (1)
26,223 (1)
26,224 (1)
26,225 (1)
26,226 (1)
26,228 (2)
26,229 (1)
26,231 (1)
26,232 (1)
26,233 (1)
26,235 (2)
26,236 (1)
26,237 (2)
26,239 (1)
26,240 (2)
26,242 (1)
26,243 (2)
26,245 (1)
26,248 (1)
26,249 (1)
26,252 (1)
26,256 (1)
26,257 (2)
26,259 (2)
26,265 (1)
26,268 (1)
26,269 (2)
26,272 (1)
26,276 (1)
26,277 (2)
26,278 (1)
26,280 (4)
26,281 (1)
26,282 (1)
26,283 (7)
26,284 (1)
26,285 (3)
26,286 (2)
26,287 (3)
27,0 (7)
27,1 (6)
27,2 (10)
27,3 (4)
27,4 (6)
27,5 (8)
27,6 (7)
27,7 (5)
27,8 (8)
27,9 (7)
27,10 (1)
27,11 (1)
27,12 (3)
27,14 (2)
27,15 (2)
27,18 (1)
27,19 (2)
27,21 (2)
27,22 (2)
27,24 (1)
27,33 (1)
27,34 (1)
27,35 (2)
27,39 (2)
27,40 (3)
27,43 (1)
27,45 (2)
27,46 (1)
27,47 (1)
27,50 (2)
27,52 (1)
27,53 (2)
27,54 (1)
27,57 (2)
27,59 (2)
27,62 (1)
27,65 (2)
27,67 (2)
27,68 (1)
27,69 (1)
27,71 (2)
27,72 (1)
27,73 (1)
27,74 (1)
27,75 (1)
27,76 (1)
27,77 (1)
27,78 (1)
27,79 (1)
27,81 (1)
27,82 (1)
27,84 (1)
27,90 (1)
27,91 (3)
27,92 (1)
27,94 (1)
27,95 (1)
27,96 (1)
27,98 (2)
27,99 (1)
27,101 (1)
27,104 (1)
27,107 (1)
27,112 (1)
27,116 (1)
27,118 (1)
27,119 (1)
27,120 (1)
27,121 (3)
27,122 (3)
27,123 (1)
27,125 (1)
27,126 (1)
27,127 (1)
27,128 (1)
27,130 (1)
27,134 (1)
27,136 (3)
27,138 (2)
27,139 (4)
27,141 (1)
27,143 (2)
27,144 (1)
27,145 (2)
27,146 (2)
27,147 (1)
27,148 (2)
27,149 (2)
27,150 (1)
27,151 (1)
27,152 (1)
27,153 (2)
27,154 (2)
27,155 (1)
27,156 (4)
27,157 (2)
27,159 (1)
27,160 (2)
27,162 (2)
27,164 (1)
27,166 (1)
27,169 (2)
27,172 (2)
27,176 (1)
27,177 (1)
27,182 (1)
27,183 (2)
27,184 (1)
27,185 (1)
27,186 (4)
27,187 (1)
27,188 (1)
27,189 (1)
27,194 (1)
27,198 (1)
27,200 (2)
27,201 (1)
27,202 (3)
27,204 (1)
27,208 (5)
27,209 (1)
28,0 (6)
28,1 (7)
28,2 (8)
28,3 (6)
28,4 (12)
28,5 (6)
28,6 (6)
28,7 (5)
28,8 (6)
28,9 (6)
28,10 (2)
28,11 (1)
28,12 (1)
28,14 (2)
28,15 (1)
28,16 (1)
28,18 (3)
28,20 (1)
28,21 (1)
28,24 (2)
28,28 (1)
28,29 (1)
28,32 (2)
28,34 (1)
28,35 (2)
28,37 (1)
28,43 (1)
28,44 (1)
28,46 (1)
28,47 (1)
28,49 (1)
28,51 (1)
28,52 (1)
28,53 (2)
28,55 (1)
28,56 (1)
28,58 (1)
28,61 (2)
28,62 (1)
28,63 (1)
28,67 (1)
28,69 (1)
28,70 (2)
28,72 (1)
28,73 (1)
28,75 (1)
28,77 (1)
28,79 (2)
28,81 (1)
28,83 (1)
28,84 (1)
28,87 (2)
28,88 (1)
28,89 (3)
28,90 (1)
28,93 (1)
28,94 (1)
28,95 (1)
28,99 (2)
28,100 (1)
28,101 (1)
28,104 (1)
28,105 (2)
28,106 (2)
28,110 (1)
28,111 (2)
28,112 (1)
28,114 (2)
28,115 (1)
28,117 (1)
28,118 (1)
28,121 (1)
28,122 (1)
28,123 (1)
28,125 (1)
28,126 (2)
28,128 (1)
28,131 (1)
28,132 (1)
28,140 (1)
28,141 (1)
28,142 (1)
28,143 (2)
28,145 (3)
28,147 (1)
28,149 (1)
28,150 (2)
28,152 (1)
28,156 (1)
28,157 (2)
28,158 (1)
28,159 (1)
28,160 (1)
28,162 (2)
28,166 (1)
28,167 (1)
28,168 (1)
28,169 (1)
28,170 (2)
28,171 (2)
28,178 (1)
28,180 (1)
28,181 (1)
28,182 (5)
28,183 (2)
28,185 (2)
28,186 (1)
28,187 (1)
28,188 (1)
28,189 (5)
28,190 (3)
28,191 (3)
29,0 (2)
29,1 (5)
29,2 (4)
29,3 (6)
29,4 (4)
29,5 (7)
29,6 (4)
29,7 (7)
29,8 (9)
29,9 (7)
29,10 (1)
29,12 (1)
29,13 (3)
29,14 (3)
29,15 (1)
29,17 (1)
29,18 (1)
29,19 (1)
29,21 (1)
29,22 (1)
29,24 (1)
29,29 (1)
29,30 (1)
29,33 (1)
29,34 (1)
29,38 (1)
29,40 (2)
29,41 (1)
29,42 (1)
29,45 (1)
29,46 (1)
29,48 (1)
29,52 (2)
29,53 (4)
29,55 (2)
29,58 (2)
29,59 (3)
29,61 (1)
29,62 (3)
29,64 (1)
29,68 (1)
29,73 (1)
29,74 (1)
29,80 (1)
29,81 (1)
29,82 (1)
29,84 (1)
29,87 (2)
29,88 (1)
29,90 (2)
29,91 (1)
29,92 (1)
29,93 (2)
29,94 (1)
29,95 (1)
29,99 (3)
29,103 (1)
29,105 (3)
29,107 (1)
29,108 (1)
29,109 (2)
29,112 (1)
29,117 (2)
29,119 (1)
29,126 (1)
29,128 (2)
29,129 (1)
29,130 (1)
29,133 (1)
29,135 (2)
29,137 (3)
29,140 (1)
29,145 (1)
29,146 (1)
29,150 (1)
29,151 (1)
29,154 (1)
29,156 (2)
29,159 (1)
29,164 (1)
29,166 (1)
29,167 (2)
29,171 (1)
29,172 (1)
29,174 (1)
29,176 (1)
29,177 (1)
29,178 (1)
29,179 (1)
29,180 (1)
29,181 (2)
29,182 (1)
29,187 (2)
29,188 (1)
29,190 (1)
29,194 (3)
29,196 (2)
29,198 (2)
30,1 (7)
30,2 (4)
30,3 (5)
30,4 (6)
30,5 (3)
30,6 (6)
30,7 (5)
30,8 (6)
30,9 (7)
30,14 (1)
30,15 (1)
30,17 (1)
30,19 (1)
30,22 (1)
30,23 (1)
30,24 (2)
30,25 (1)
30,27 (1)
30,28 (1)
30,30 (1)
30,31 (3)
30,34 (1)
30,35 (1)
30,39 (1)
30,40 (2)
30,41 (2)
30,42 (1)
30,43 (1)
30,45 (1)
30,52 (1)
30,53 (1)
30,57 (1)
30,59 (1)
30,60 (1)
30,62 (2)
30,63 (1)
30,64 (1)
30,65 (1)
30,68 (1)
30,69 (1)
30,70 (1)
30,72 (1)
30,73 (1)
30,74 (1)
30,78 (2)
30,81 (1)
30,82 (2)
30,83 (1)
30,84 (1)
30,85 (1)
30,87 (3)
30,93 (2)
30,94 (2)
30,95 (3)
30,97 (2)
30,98 (2)
30,99 (1)
30,104 (1)
30,105 (1)
30,107 (1)
30,113 (3)
30,117 (1)
30,119 (2)
30,124 (2)
30,126 (2)
30,128 (1)
30,130 (1)
30,135 (2)
30,139 (1)
30,143 (3)
30,144 (2)
31,0 (4)
31,1 (4)
31,2 (2)
31,3 (9)
31,5 (3)
31,6 (3)
31,7 (1)
31,8 (3)
31,9 (1)
31,11 (2)
31,16 (1)
31,17 (1)
31,19 (1)
31,22 (1)
31,23 (2)
31,25 (1)
31,26 (2)
31,29 (1)
31,35 (1)
31,38 (2)
31,41 (1)
31,42 (1)
31,48 (1)
31,53 (2)
31,55 (1)
31,58 (1)
31,59 (1)
31,63 (1)
31,64 (1)
31,68 (1)
31,71 (1)
31,72 (1)
31,73 (1)
31,75 (1)
31,76 (1)
31,79 (1)
31,81 (1)
31,85 (2)
31,88 (2)
31,89 (1)
31,90 (1)
31,91 (1)
31,92 (1)
31,93 (1)
32,0 (4)
32,1 (5)
32,2 (9)
32,3 (9)
32,4 (6)
32,5 (10)
32,6 (8)
32,7 (8)
32,8 (3)
32,9 (10)
32,10 (1)
32,12 (1)
32,16 (2)
32,17 (1)
32,18 (1)
32,19 (2)
32,21 (1)
32,25 (1)
32,26 (2)
32,30 (2)
32,31 (1)
32,32 (1)
32,35 (2)
32,36 (2)
32,39 (1)
32,42 (1)
32,43 (1)
32,44 (1)
32,46 (2)
32,47 (1)
32,48 (2)
32,49 (1)
32,51 (2)
32,52 (1)
32,53 (2)
32,54 (1)
32,55 (1)
32,56 (2)
32,57 (2)
32,59 (1)
32,60 (1)
32,64 (2)
32,66 (3)
32,67 (2)
32,68 (2)
32,71 (1)
32,72 (1)
32,73 (2)
32,74 (1)
32,80 (1)
32,83 (2)
32,86 (1)
32,87 (2)
32,89 (1)
32,90 (1)
32,92 (4)
32,93 (1)
32,96 (1)
32,99 (1)
32,100 (1)
32,103 (1)
32,107 (2)
32,108 (2)
32,116 (2)
32,117 (1)
32,118 (1)
32,123 (1)
32,125 (1)
32,126 (2)
32,134 (2)
32,137 (1)
32,138 (2)
32,139 (1)
32,140 (2)
32,141 (1)
32,144 (1)
32,145 (2)
32,148 (3)
32,151 (1)
32,152 (1)
32,156 (3)
32,159 (1)
32,160 (1)
32,167 (2)
32,169 (1)
32,171 (2)
32,172 (1)
32,174 (1)
32,175 (2)
32,178 (1)
32,181 (2)
32,183 (2)
32,189 (1)
32,190 (1)
32,191 (1)
32,193 (1)
32,196 (1)
32,197 (1)
32,325 (1)
33,0 (6)
33,1 (4)
33,2 (5)
33,3 (9)
33,4 (10)
33,5 (11)
33,6 (8)
33,7 (7)
33,8 (11)
33,9 (7)
33,10 (1)
33,11 (1)
33,12 (1)
33,13 (1)
33,14 (2)
33,15 (2)
33,21 (2)
33,24 (1)
33,25 (1)
33,28 (2)
33,30 (2)
33,31 (2)
33,32 (1)
33,33 (2)
33,34 (1)
33,36 (1)
33,37 (2)
33,39 (2)
33,40 (1)
33,43 (1)
33,44 (1)
33,45 (1)
33,46 (2)
33,50 (2)
33,52 (1)
33,53 (1)
33,54 (1)
33,55 (1)
33,57 (2)
33,58 (2)
33,59 (1)
33,60 (1)
33,63 (1)
33,65 (4)
33,70 (2)
33,71 (1)
33,75 (1)
33,76 (1)
33,81 (1)
33,82 (1)
33,84 (2)
33,85 (2)
33,87 (1)
33,88 (2)
33,90 (1)
33,91 (1)
33,93 (1)
33,95 (1)
33,97 (1)
33,98 (1)
33,99 (1)
33,106 (1)
33,107 (2)
33,108 (1)
33,109 (3)
33,110 (2)
33,111 (2)
33,113 (3)
33,114 (2)
33,118 (2)
33,119 (1)
33,120 (2)
33,122 (1)
33,123 (3)
33,124 (1)
33,126 (1)
33,127 (1)
33,129 (3)
33,130 (1)
33,131 (1)
33,132 (1)
33,134 (2)
33,136 (1)
33,138 (2)
33,141 (1)
33,142 (1)
33,151 (1)
33,154 (2)
33,155 (1)
33,156 (2)
33,158 (2)
33,166 (1)
33,168 (2)
33,171 (1)
33,172 (1)
33,173 (1)
33,174 (1)
33,179 (1)
33,181 (1)
33,183 (2)
33,184 (1)
33,185 (1)
33,188 (1)
33,190 (1)
33,203 (1)
33,207 (2)
33,210 (1)
33,214 (1)
33,215 (1)
33,216 (2)
34,0 (5)
34,1 (6)
34,2 (6)
34,3 (10)
34,4 (5)
34,5 (7)
34,6 (7)
34,7 (5)
34,8 (7)
34,9 (10)
34,11 (4)
34,12 (2)
34,13 (1)
34,14 (1)
34,15 (2)
34,17 (1)
34,20 (1)
34,22 (2)
34,32 (1)
34,37 (1)
34,39 (1)
34,41 (1)
34,45 (3)
34,47 (1)
34,48 (1)
34,53 (1)
34,55 (3)
34,56 (1)
34,62 (1)
34,63 (1)
34,64 (1)
34,66 (1)
34,67 (2)
34,68 (1)
34,69 (1)
34,71 (1)
34,72 (1)
34,74 (1)
34,76 (1)
34,79 (1)
34,81 (1)
34,83 (1)
34,95 (1)
34,96 (1)
34,98 (2)
34,101 (1)
34,102 (1)
34,103 (2)
34,104 (1)
34,105 (1)
34,107 (2)
34,110 (1)
34,111 (1)
34,113 (1)
34,116 (1)
34,117 (2)
34,118 (2)
34,121 (1)
34,123 (1)
34,128 (1)
34,130 (1)
34,131 (1)
34,132 (1)
34,136 (1)
34,138 (1)
34,139 (1)
34,144 (1)
34,145 (2)
34,148 (1)
34,152 (1)
34,156 (1)
34,161 (1)
34,162 (1)
34,164 (1)
34,165 (1)
34,166 (1)
34,167 (1)
34,169 (1)
34,170 (1)
34,171 (2)
34,172 (1)
34,176 (1)
34,181 (1)
34,182 (2)
34,184 (1)
34,189 (2)
34,192 (2)
34,194 (2)
34,195 (2)
34,197 (2)
34,198 (2)
34,199 (3)
34,200 (2)
34,202 (3)
34,203 (3)
34,204 (1)
34,205 (1)
34,209 (2)
34,210 (2)
34,211 (2)
34,212 (1)
34,217 (2)
34,219 (1)
34,221 (1)
34,222 (1)
34,227 (1)
34,228 (2)
34,231 (4)
34,232 (1)
34,233 (1)
34,237 (1)
34,241 (1)
34,242 (1)
34,246 (1)
34,247 (1)
34,248 (1)
34,250 (1)
34,251 (1)
34,254 (3)
34,255 (1)
34,257 (2)
34,259 (1)
34,264 (1)
35,0 (1)
35,1 (7)
35,2 (5)
35,3 (5)
35,4 (4)
35,5 (12)
35,6 (5)
35,8 (3)
35,9 (5)
35,11 (2)
35,12 (3)
35,13 (1)
35,19 (1)
35,20 (3)
35,21 (2)
35,22 (2)
35,23 (1)
35,25 (1)
35,26 (2)
35,29 (1)
35,32 (1)
35,33 (2)
35,34 (1)
35,38 (1)
35,39 (1)
35,40 (1)
35,42 (2)
35,49 (1)
35,50 (1)
35,52 (2)
35,54 (2)
35,55 (1)
35,56 (2)
35,58 (3)
35,61 (1)
35,63 (1)
35,65 (1)
35,74 (2)
35,75 (1)
35,77 (1)
35,79 (1)
35,80 (1)
35,81 (1)
35,83 (1)
35,86 (2)
35,91 (1)
35,96 (1)
35,98 (3)
35,99 (2)
35,101 (2)
35,103 (1)
35,105 (1)
35,112 (1)
35,114 (1)
35,119 (1)
35,121 (2)
35,122 (1)
35,126 (1)
35,137 (1)
35,138 (2)
35,139 (1)
35,140 (1)
35,141 (1)
35,145 (1)
35,153 (1)
35,155 (2)
35,157 (1)
35,158 (1)
35,160 (1)
35,163 (1)
36,0 (7)
36,1 (2)
36,2 (3)
36,4 (8)
36,5 (4)
36,6 (4)
36,7 (4)
36,8 (1)
36,9 (4)
36,10 (1)
36,13 (2)
36,15 (2)
36,20 (1)
36,22 (1)
36,23 (1)
36,28 (1)
36,37 (1)
36,38 (1)
36,40 (1)
36,41 (3)
36,45 (2)
36,46 (1)
36,48 (1)
36,53 (2)
36,54 (1)
36,55 (1)
36,56 (1)
36,58 (1)
36,65 (1)
36,67 (2)
36,68 (1)
36,71 (1)
36,73 (4)
36,74 (2)
36,75 (1)
36,76 (1)
36,80 (2)
36,82 (2)
36,83 (3)
36,84 (1)
36,91 (1)
36,92 (1)
36,95 (1)
36,96 (1)
36,99 (1)
36,100 (2)
36,105 (2)
36,109 (1)
36,111 (1)
36,113 (2)
36,114 (2)
36,116 (1)
36,121 (2)
36,125 (1)
36,127 (1)
36,128 (1)
36,133 (1)
37,0 (2)
37,1 (6)
37,2 (11)
37,3 (5)
37,4 (4)
37,5 (3)
37,6 (2)
37,7 (9)
37,8 (5)
37,9 (7)
37,11 (4)
37,14 (2)
37,16 (1)
37,17 (1)
37,18 (1)
37,19 (1)
37,20 (1)
37,22 (2)
37,24 (2)
37,25 (2)
37,27 (2)
37,28 (1)
37,35 (1)
37,36 (1)
37,37 (3)
37,40 (1)
37,42 (2)
37,43 (1)
37,44 (3)
37,46 (2)
37,47 (1)
37,49 (1)
37,51 (2)
37,55 (2)
37,56 (1)
37,58 (3)
37,63 (1)
37,70 (1)
37,72 (1)
37,73 (1)
37,74 (2)
37,75 (1)
37,77 (1)
37,82 (1)
37,83 (1)
37,88 (1)
37,89 (1)
37,90 (1)
37,91 (1)
37,98 (2)
37,99 (1)
37,100 (2)
37,101 (2)
37,105 (1)
37,106 (1)
37,109 (1)
37,110 (1)
37,111 (2)
37,113 (1)
37,114 (1)
37,116 (2)
37,120 (1)
37,124 (2)
37,127 (2)
37,130 (1)
37,141 (1)
37,145 (3)
37,150 (2)
37,151 (2)
37,153 (2)
37,154 (1)
37,155 (3)
37,156 (1)
37,157 (1)
37,159 (1)
37,160 (1)
37,161 (1)
37,162 (2)
37,163 (2)
37,167 (2)
37,170 (2)
37,182 (1)
37,184 (1)
37,185 (1)
37,187 (1)
37,191 (1)
37,192 (1)
37,204 (1)
37,205 (2)
37,207 (1)
37,208 (1)
37,210 (1)
37,212 (1)
37,213 (1)
37,214 (1)
37,217 (1)
37,225 (1)
37,230 (2)
37,232 (1)
37,236 (2)
37,238 (1)
37,241 (1)
37,242 (1)
37,243 (1)
38,0 (7)
38,1 (4)
38,2 (5)
38,3 (1)
38,4 (4)
38,5 (6)
38,6 (3)
38,7 (6)
38,8 (6)
38,9 (1)
38,16 (1)
38,17 (1)
38,19 (2)
38,21 (1)
38,23 (1)
38,24 (1)
38,25 (1)
38,27 (2)
38,28 (2)
38,31 (1)
38,32 (1)
38,36 (2)
38,39 (1)
38,41 (1)
38,44 (1)
38,47 (1)
38,48 (2)
38,51 (1)
38,53 (1)
38,54 (1)
38,57 (2)
38,62 (1)
38,65 (1)
38,67 (1)
38,71 (1)
38,74 (1)
38,75 (2)
38,77 (1)
38,90 (2)
38,92 (1)
38,95 (1)
38,96 (1)
38,98 (1)
38,101 (1)
38,107 (1)
38,110 (1)
38,111 (3)
38,112 (1)
38,113 (1)
38,115 (2)
38,116 (2)
38,119 (2)
38,124 (1)
38,126 (1)
38,132 (2)
38,133 (1)
38,140 (1)
38,142 (1)
38,143 (1)
38,145 (1)
38,149 (1)
38,151 (1)
38,153 (1)
38,154 (1)
38,156 (1)
38,157 (2)
38,159 (2)
38,160 (1)
39,0 (7)
39,1 (5)
39,2 (6)
39,3 (7)
39,4 (5)
39,5 (8)
39,6 (6)
39,7 (1)
39,8 (8)
39,9 (5)
39,10 (1)
39,12 (1)
39,14 (2)
39,16 (1)
39,18 (1)
39,19 (1)
39,20 (1)
39,23 (1)
39,28 (1)
39,29 (1)
39,31 (1)
39,32 (1)
39,36 (1)
39,37 (2)
39,38 (1)
39,39 (1)
39,43 (2)
39,44 (1)
39,48 (1)
39,49 (1)
39,51 (1)
39,53 (1)
39,55 (1)
39,56 (1)
39,58 (2)
39,61 (2)
39,66 (1)
39,69 (2)
39,71 (1)
39,73 (1)
39,80 (3)
39,83 (2)
39,84 (1)
39,85 (4)
39,88 (2)
39,90 (2)
39,91 (1)
39,99 (1)
39,100 (1)
39,103 (2)
39,104 (1)
39,107 (1)
39,108 (3)
39,109 (1)
39,113 (2)
39,121 (1)
39,122 (1)
39,123 (1)
39,125 (1)
39,133 (3)
39,134 (1)
39,135 (1)
39,136 (1)
39,138 (1)
39,141 (1)
39,144 (2)
39,146 (1)
39,151 (1)
39,154 (1)
39,156 (1)
39,157 (2)
39,158 (1)
39,160 (1)
39,161 (1)
39,162 (1)
39,163 (2)
39,166 (1)
39,167 (1)
39,169 (1)
39,170 (2)
39,171 (2)
39,173 (1)
39,175 (1)
39,179 (1)
39,181 (1)
39,188 (2)
39,197 (1)
39,198 (1)
39,199 (2)
39,203 (1)
39,207 (2)
39,210 (1)
39,215 (1)
39,218 (1)
39,224 (1)
39,229 (3)
39,230 (1)
39,234 (1)
39,236 (1)
39,237 (2)
39,242 (1)
39,245 (1)
39,246 (1)
39,247 (1)
39,464 (1)
40,0 (3)
40,1 (3)
40,2 (6)
40,3 (7)
40,4 (3)
40,5 (1)
40,6 (1)
40,7 (6)
40,8 (4)
40,9 (5)
40,10 (1)
40,11 (2)
40,12 (2)
40,16 (2)
40,17 (1)
40,18 (2)
40,19 (2)
40,20 (1)
40,21 (1)
40,22 (2)
40,23 (1)
40,24 (1)
40,25 (2)
40,26 (1)
40,29 (2)
40,31 (3)
40,32 (1)
40,34 (4)
40,36 (1)
40,38 (1)
40,41 (2)
40,42 (2)
40,44 (1)
40,45 (2)
40,47 (1)
40,48 (5)
40,49 (1)
40,51 (1)
40,54 (2)
40,55 (3)
40,57 (1)
40,58 (2)
40,59 (1)
40,60 (1)
40,67 (1)
40,68 (1)
40,69 (1)
40,71 (1)
40,72 (3)
40,73 (2)
40,74 (2)
40,75 (2)
40,76 (1)
40,81 (1)
40,84 (1)
40,85 (1)
40,88 (2)
40,91 (1)
40,92 (1)
40,94 (1)
40,102 (2)
40,106 (1)
40,107 (1)
40,108 (1)
40,115 (2)
40,175 (1)
41,0 (2)
41,1 (4)
41,2 (2)
41,3 (2)
41,4 (2)
41,7 (2)
41,8 (2)
41,9 (3)
41,10 (1)
41,11 (2)
41,12 (1)
41,13 (1)
41,14 (3)
41,16 (1)
41,18 (4)
41,19 (1)
41,23 (1)
41,24 (1)
41,25 (1)
41,26 (1)
41,32 (1)
41,33 (1)
41,37 (3)
41,40 (1)
41,41 (1)
41,43 (2)
41,44 (1)
41,48 (2)
41,52 (1)
41,53 (1)
41,54 (1)
41,55 (1)
41,56 (1)
41,57 (1)
41,58 (2)
41,59 (1)
41,60 (1)
41,115 (1)
42,0 (2)
42,1 (6)
42,2 (6)
42,3 (6)
42,4 (9)
42,5 (10)
42,6 (5)
42,7 (10)
42,8 (1)
42,9 (8)
42,10 (1)
42,16 (1)
42,18 (1)
42,21 (2)
42,26 (1)
42,37 (1)
42,38 (1)
42,41 (2)
42,42 (1)
42,43 (2)
42,44 (1)
42,45 (2)
42,47 (1)
42,52 (1)
42,53 (1)
42,54 (1)
42,56 (1)
42,57 (1)
42,58 (1)
42,60 (1)
42,65 (1)
42,71 (1)
42,75 (2)
42,78 (1)
42,79 (2)
42,80 (1)
42,82 (1)
42,83 (2)
42,84 (5)
42,91 (1)
42,94 (1)
42,98 (2)
42,100 (1)
42,103 (3)
42,107 (1)
42,111 (1)
42,113 (1)
42,114 (4)
42,118 (1)
42,119 (1)
42,121 (1)
42,123 (1)
42,124 (1)
42,125 (3)
42,130 (1)
42,133 (1)
42,134 (1)
42,138 (1)
42,149 (1)
42,157 (1)
42,160 (1)
42,161 (1)
42,162 (1)
42,168 (1)
42,171 (1)
42,192 (1)
42,195 (1)
42,199 (3)
42,206 (1)
42,207 (1)
42,208 (1)
42,222 (1)
42,223 (1)
42,224 (2)
43,0 (8)
43,1 (6)
43,2 (5)
43,3 (3)
43,4 (6)
43,5 (7)
43,6 (7)
43,7 (7)
43,8 (8)
43,9 (4)
43,10 (1)
43,13 (2)
43,14 (3)
43,17 (2)
43,20 (1)
43,21 (1)
43,23 (1)
43,25 (2)
43,27 (1)
43,28 (2)
43,30 (2)
43,33 (1)
43,34 (3)
43,36 (1)
43,40 (2)
43,41 (1)
43,44 (1)
43,47 (1)
43,51 (1)
43,56 (1)
43,57 (1)
43,59 (1)
43,60 (1)
43,64 (2)
43,65 (1)
43,68 (1)
43,69 (1)
43,70 (3)
43,71 (3)
43,72 (2)
43,73 (2)
43,75 (1)
43,77 (1)
43,79 (1)
43,80 (1)
43,81 (1)
43,84 (1)
43,87 (1)
43,88 (3)
43,89 (2)
43,92 (2)
43,98 (1)
43,99 (1)
43,100 (1)
43,102 (1)
43,103 (1)
43,105 (1)
43,107 (1)
43,108 (2)
43,114 (1)
43,123 (2)
43,124 (1)
43,126 (1)
43,128 (1)
43,130 (3)
43,132 (1)
43,136 (3)
43,137 (1)
43,138 (1)
43,139 (1)
43,144 (1)
43,146 (1)
43,148 (1)
43,149 (2)
43,151 (1)
43,154 (1)
43,158 (1)
43,172 (1)
43,174 (1)
43,178 (1)
43,184 (2)
43,186 (1)
43,191 (1)
43,192 (1)
43,193 (1)
43,194 (1)
43,199 (1)
43,200 (1)
43,204 (1)
43,207 (2)
43,208 (1)
43,214 (1)
43,218 (1)
43,223 (1)
43,229 (1)
43,230 (1)
43,231 (2)
43,233 (1)
43,234 (1)
43,235 (1)
43,238 (1)
43,242 (1)
43,243 (1)
43,249 (1)
43,250 (2)
43,253 (1)
43,254 (1)
43,256 (1)
43,258 (3)
43,264 (2)
43,265 (2)
43,266 (2)
43,267 (1)
43,268 (2)
43,271 (1)
43,274 (2)
44,0 (2)
44,1 (3)
44,2 (2)
44,3 (2)
44,4 (6)
44,5 (6)
44,6 (7)
44,7 (4)
44,8 (4)
44,13 (1)
44,17 (1)
44,18 (1)
44,21 (1)
44,22 (2)
44,23 (1)
44,25 (1)
44,26 (1)
44,30 (1)
44,33 (1)
44,40 (1)
44,42 (2)
44,43 (1)
44,45 (1)
44,48 (2)
44,50 (1)
44,53 (2)
44,58 (3)
44,59 (1)
44,60 (2)
44,67 (1)
44,72 (1)
44,74 (1)
44,76 (2)
44,77 (4)
44,78 (1)
44,81 (2)
44,84 (1)
44,87 (1)
44,88 (2)
44,89 (1)
44,90 (1)
44,91 (1)
44,100 (1)
44,107 (1)
44,110 (2)
44,114 (1)
44,122 (1)
44,123 (1)
44,124 (1)
44,126 (1)
44,129 (2)
44,134 (1)
44,136 (1)
44,139 (1)
44,141 (1)
44,144 (3)
44,145 (1)
44,146 (1)
44,147 (2)
44,150 (1)
44,151 (1)
44,155 (1)
44,159 (1)
44,163 (2)
44,165 (1)
44,172 (1)
44,177 (1)
44,180 (1)
44,184 (1)
44,185 (3)
44,186 (1)
44,187 (1)
44,188 (1)
44,331 (1)
45,0 (12)
45,1 (4)
45,2 (10)
45,3 (12)
45,4 (5)
45,5 (5)
45,6 (14)
45,7 (9)
45,8 (12)
45,9 (10)
45,10 (1)
45,11 (1)
45,12 (1)
45,15 (1)
45,17 (1)
45,19 (1)
45,21 (1)
45,23 (1)
45,27 (1)
45,45 (2)
45,48 (2)
45,50 (3)
45,55 (1)
45,56 (1)
45,60 (2)
45,61 (1)
45,78 (1)
45,79 (1)
45,80 (1)
45,85 (1)
45,89 (1)
45,90 (2)
45,91 (1)
45,93 (1)
45,99 (1)
45,100 (1)
45,103 (1)
45,106 (2)
45,112 (1)
45,119 (1)
45,123 (2)
45,130 (1)
45,131 (1)
45,136 (1)
45,137 (1)
45,141 (1)
45,144 (1)
45,147 (1)
45,148 (2)
45,149 (2)
45,152 (2)
45,158 (1)
45,160 (1)
45,163 (1)
45,164 (1)
45,166 (1)
45,167 (3)
45,169 (1)
45,176 (1)
45,177 (1)
45,179 (1)
45,180 (1)
45,181 (1)
45,187 (1)
45,188 (1)
45,189 (3)
45,190 (2)
45,196 (1)
45,201 (1)
45,209 (1)
45,211 (1)
45,215 (1)
45,222 (1)
45,225 (1)
45,226 (1)
45,227 (1)
45,228 (2)
45,230 (4)
45,231 (1)
45,232 (2)
45,234 (1)
45,235 (2)
45,239 (2)
45,243 (1)
45,248 (1)
45,254 (1)
45,255 (1)
45,256 (1)
45,259 (1)
45,264 (1)
45,265 (1)
45,271 (1)
45,276 (1)
45,277 (2)
45,278 (1)
45,282 (1)
45,291 (1)
45,295 (2)
45,312 (3)
45,316 (1)
45,318 (3)
45,321 (1)
45,331 (1)
45,333 (3)
45,334 (2)
45,336 (4)
45,337 (2)
45,339 (2)
45,340 (1)
45,341 (1)
45,346 (1)
45,348 (2)
45,350 (1)
45,351 (2)
45,352 (2)
45,353 (1)
45,356 (1)
45,357 (1)
45,358 (2)
45,364 (1)
45,366 (2)
45,367 (2)
45,368 (3)
45,374 (3)
45,375 (1)
45,376 (1)
45,377 (1)
45,378 (1)
45,379 (2)
45,382 (1)
45,383 (2)
45,384 (1)
45,385 (1)
45,386 (2)
45,393 (1)
45,394 (1)
45,398 (1)
45,400 (2)
45,403 (1)
45,408 (1)
45,409 (1)
45,412 (1)
46,0 (2)
46,1 (2)
46,2 (4)
46,3 (5)
46,4 (8)
46,5 (5)
46,6 (5)
46,7 (6)
46,8 (6)
46,9 (5)
46,19 (2)
46,20 (1)
46,21 (1)
46,22 (1)
46,24 (1)
46,25 (1)
46,31 (2)
46,32 (1)
46,33 (1)
46,35 (2)
46,36 (2)
46,37 (1)
46,38 (3)
46,39 (1)
46,43 (1)
46,45 (2)
46,48 (2)
46,50 (2)
46,51 (2)
46,53 (1)
46,54 (1)
46,55 (1)
46,58 (1)
46,62 (1)
46,65 (1)
46,68 (2)
46,69 (1)
46,71 (1)
46,75 (1)
46,76 (2)
46,78 (1)
46,79 (1)
46,83 (2)
46,87 (1)
46,88 (1)
46,89 (1)
46,91 (1)
46,96 (1)
46,98 (2)
46,102 (1)
46,104 (3)
46,106 (1)
46,107 (2)
46,110 (1)
46,111 (2)
46,115 (1)
46,116 (1)
46,118 (2)
46,120 (2)
46,121 (3)
46,123 (1)
46,126 (1)
46,134 (1)
46,135 (2)
46,139 (2)
46,141 (1)
46,143 (2)
46,145 (1)
46,146 (3)
46,148 (1)
46,158 (2)
46,164 (1)
46,166 (1)
46,169 (1)
46,173 (1)
46,174 (1)
46,175 (1)
46,176 (2)
46,177 (1)
46,179 (1)
46,180 (1)
46,184 (1)
46,190 (1)
46,191 (1)
46,192 (1)
46,196 (1)
46,197 (1)
46,199 (2)
46,201 (3)
46,206 (1)
46,207 (3)
46,212 (1)
46,214 (1)
46,216 (1)
46,217 (1)
46,223 (2)
46,224 (1)
46,233 (1)
46,236 (2)
46,238 (1)
46,240 (1)
46,246 (1)
46,248 (1)
46,283 (1)
47,0 (6)
47,1 (2)
47,2 (5)
47,3 (3)
47,4 (2)
47,5 (3)
47,6 (6)
47,7 (6)
47,8 (2)
47,9 (5)
47,12 (5)
47,13 (4)
47,14 (2)
47,15 (3)
47,16 (3)
47,17 (3)
47,18 (3)
47,19 (2)
47,20 (4)
47,21 (1)
47,22 (4)
47,23 (4)
47,24 (4)
47,25 (4)
47,26 (2)
47,27 (1)
47,28 (2)
47,29 (1)
47,30 (1)
47,31 (1)
47,33 (1)
47,36 (1)
47,39 (1)
47,40 (2)
47,43 (1)
47,44 (2)
47,47 (2)
47,50 (2)
47,51 (1)
47,52 (1)
47,53 (1)
47,54 (2)
47,55 (1)
47,60 (1)
47,61 (1)
47,65 (1)
47,66 (1)
47,69 (1)
47,71 (1)
47,72 (1)
47,75 (1)
47,78 (1)
47,81 (2)
47,82 (1)
47,83 (2)
47,84 (1)
47,85 (3)
47,86 (2)
47,91 (4)
47,92 (1)
47,93 (1)
47,95 (1)
47,98 (1)
47,101 (2)
47,104 (1)
47,106 (1)
47,107 (2)
47,108 (1)
47,109 (2)
47,110 (5)
47,111 (2)
47,112 (3)
47,113 (2)
47,114 (1)
47,117 (2)
47,120 (4)
47,121 (3)
48,0 (2)
48,1 (4)
48,2 (5)
48,3 (3)
48,4 (2)
48,5 (5)
48,6 (2)
48,7 (5)
48,8 (2)
48,9 (5)
48,12 (1)
48,14 (1)
48,17 (2)
48,19 (2)
48,26 (1)
48,29 (2)
48,33 (1)
48,35 (2)
48,39 (1)
48,45 (1)
48,47 (1)
48,48 (1)
48,49 (1)
48,50 (1)
48,51 (1)
48,55 (2)
48,58 (3)
48,59 (1)
48,61 (1)
48,63 (1)
48,64 (3)
48,67 (2)
48,69 (1)
48,71 (1)
48,78 (7)
48,79 (1)
48,80 (1)
48,82 (1)
48,83 (1)
48,84 (1)
48,85 (1)
48,86 (1)
48,96 (4)
48,99 (3)
48,100 (1)
48,105 (1)
48,106 (1)
48,110 (1)
48,115 (1)
48,121 (1)
48,122 (2)
48,124 (1)
48,126 (1)
48,130 (1)
48,135 (2)
48,136 (1)
48,137 (1)
48,138 (1)
49,0 (3)
49,1 (7)
49,2 (8)
49,3 (5)
49,4 (7)
49,5 (10)
49,6 (6)
49,7 (8)
49,8 (4)
49,9 (5)
49,11 (1)
49,14 (1)
49,16 (3)
49,18 (1)
49,19 (1)
49,20 (1)
49,21 (2)
49,23 (1)
49,25 (1)
49,28 (2)
49,29 (3)
49,32 (1)
49,33 (1)
49,35 (2)
49,36 (1)
49,37 (1)
49,40 (1)
49,42 (1)
49,44 (1)
49,47 (2)
49,49 (1)
49,50 (1)
49,53 (2)
49,54 (1)
49,55 (2)
49,57 (1)
49,58 (1)
49,59 (1)
49,61 (2)
49,63 (2)
49,66 (1)
49,67 (1)
49,68 (2)
49,70 (1)
49,71 (1)
49,73 (1)
49,78 (1)
49,80 (1)
49,82 (1)
49,85 (1)
49,87 (1)
49,88 (1)
49,89 (1)
49,90 (1)
49,92 (1)
49,95 (1)
49,96 (1)
49,99 (1)
49,102 (2)
49,105 (1)
49,106 (1)
49,107 (1)
49,109 (1)
49,110 (1)
49,113 (1)
49,117 (1)
49,118 (1)
49,119 (1)
49,120 (1)
49,125 (1)
49,126 (1)
49,127 (1)
49,130 (4)
49,136 (1)
49,138 (1)
49,140 (1)
49,142 (1)
49,143 (1)
49,147 (1)
49,148 (2)
49,150 (1)
49,153 (2)
49,156 (1)
49,157 (2)
49,159 (1)
49,161 (1)
49,164 (1)
49,166 (1)
49,167 (1)
49,172 (1)
49,173 (1)
49,177 (3)
49,178 (1)
49,180 (1)
49,181 (1)
49,190 (1)
49,191 (1)
49,196 (1)
49,198 (1)
49,205 (1)
49,207 (1)
49,209 (1)
49,210 (2)
49,216 (1)
49,217 (1)
49,218 (2)
49,219 (1)
49,222 (1)
49,223 (3)
49,226 (1)
49,228 (3)
49,232 (1)
49,234 (2)
49,239 (1)
49,240 (1)
49,241 (1)
49,249 (1)
49,250 (2)
49,251 (2)
49,253 (1)
49,254 (1)
50,0 (3)
50,1 (4)
50,2 (6)
50,3 (3)
50,4 (4)
50,5 (11)
50,6 (9)
50,7 (10)
50,8 (5)
50,9 (3)
50,16 (2)
50,17 (1)
50,18 (1)
50,20 (1)
50,21 (1)
50,22 (2)
50,39 (2)
50,44 (1)
50,52 (2)
50,53 (2)
50,54 (1)
50,55 (2)
50,56 (1)
50,57 (2)
50,62 (1)
50,65 (1)
50,66 (1)
50,67 (1)
50,72 (1)
50,74 (1)
50,89 (1)
50,98 (1)
50,101 (1)
50,103 (1)
50,105 (2)
50,107 (1)
50,108 (1)
50,112 (1)
50,113 (2)
50,114 (1)
50,115 (1)
50,116 (1)
50,119 (1)
50,120 (1)
50,122 (3)
50,126 (1)
50,132 (1)
50,133 (1)
50,138 (1)
50,139 (1)
50,140 (1)
50,143 (1)
50,151 (1)
50,158 (1)
50,161 (1)
50,163 (1)
50,164 (1)
50,168 (1)
50,169 (2)
50,173 (1)
50,174 (1)
50,177 (1)
50,182 (1)
50,185 (1)
50,186 (1)
50,190 (1)
50,191 (2)
50,192 (2)
50,195 (1)
50,199 (1)
50,206 (1)
50,207 (2)
50,208 (1)
51,0 (2)
51,1 (2)
51,3 (3)
51,4 (1)
51,5 (2)
51,6 (1)
51,7 (4)
51,8 (4)
51,9 (1)
51,13 (1)
51,15 (2)
51,16 (1)
51,17 (1)
51,18 (1)
51,19 (1)
51,21 (1)
51,22 (2)
51,28 (1)
51,30 (1)
51,36 (2)
51,42 (1)
51,44 (1)
51,45 (2)
51,48 (5)
51,56 (1)
51,60 (1)
51,71 (1)
51,76 (2)
51,77 (1)
51,80 (1)
51,81 (1)
51,83 (1)
51,84 (1)
51,91 (1)
51,92 (1)
51,95 (1)
51,99 (1)
51,101 (1)
51,105 (2)
51,110 (1)
51,117 (1)
51,118 (1)
51,120 (3)
51,122 (3)
51,123 (1)
51,126 (1)
51,127 (1)
51,139 (1)
51,142 (1)
51,146 (1)
51,154 (1)
51,160 (1)
51,161 (1)
51,163 (1)
51,167 (1)
51,170 (1)
51,173 (1)
51,174 (1)
51,176 (1)
51,180 (1)
51,181 (1)
51,185 (1)
51,186 (2)
51,189 (1)
51,190 (1)
51,194 (2)
51,195 (1)
51,196 (1)
51,199 (1)
51,201 (1)
51,206 (1)
51,207 (1)
51,208 (2)
51,213 (2)
51,220 (1)
51,221 (1)
51,223 (1)
51,226 (1)
51,227 (3)
52,0 (4)
52,1 (8)
52,2 (6)
52,3 (3)
52,4 (6)
52,5 (6)
52,6 (12)
52,7 (11)
52,8 (5)
52,9 (8)
52,15 (1)
52,16 (1)
52,17 (1)
52,21 (1)
52,23 (1)
52,27 (1)
52,28 (2)
52,34 (1)
52,35 (1)
52,36 (2)
52,37 (1)
52,38 (1)
52,39 (2)
52,41 (1)
52,42 (1)
52,43 (2)
52,44 (2)
52,49 (1)
52,50 (1)
52,51 (1)
52,52 (1)
52,55 (2)
52,60 (1)
52,64 (1)
52,65 (1)
52,66 (1)
52,69 (2)
52,70 (1)
52,71 (1)
52,75 (2)
52,77 (2)
52,82 (1)
52,84 (1)
52,86 (1)
52,92 (1)
52,93 (1)
52,99 (3)
52,100 (1)
52,101 (2)
52,102 (1)
52,103 (2)
52,104 (1)
52,106 (1)
52,107 (1)
52,110 (1)
52,113 (2)
52,115 (1)
52,118 (3)
52,120 (1)
52,123 (1)
52,125 (1)
52,126 (1)
52,131 (1)
52,133 (1)
52,134 (2)
52,137 (1)
52,141 (1)
52,152 (2)
52,153 (1)
52,158 (1)
52,159 (4)
52,161 (1)
52,164 (1)
52,169 (1)
52,176 (1)
52,185 (1)
52,186 (1)
52,189 (2)
52,192 (1)
52,195 (1)
52,197 (1)
52,199 (1)
52,201 (1)
52,209 (1)
52,211 (1)
52,213 (1)
52,214 (1)
52,223 (2)
52,226 (1)
52,229 (1)
52,231 (1)
52,232 (1)
52,233 (1)
52,239 (1)
52,246 (5)
52,248 (2)
52,249 (1)
52,259 (1)
52,262 (1)
52,263 (3)
52,264 (1)
52,265 (1)
52,267 (1)
52,274 (1)
52,276 (1)
52,277 (2)
52,279 (1)
52,281 (2)
52,282 (2)
52,283 (1)
52,284 (1)
52,287 (1)
52,288 (1)
52,292 (2)
52,294 (1)
52,295 (2)
52,299 (1)
52,300 (1)
52,303 (1)
52,307 (1)
52,316 (2)
52,317 (3)
52,318 (2)
52,319 (1)
52,320 (2)
52,321 (1)
52,322 (1)
52,324 (1)
52,325 (1)
52,327 (1)
52,329 (1)
52,332 (1)
52,336 (2)
52,338 (1)
52,339 (2)
52,342 (1)
52,343 (2)
52,350 (1)
52,353 (1)
52,355 (1)
52,356 (1)
52,357 (2)
52,361 (1)
52,365 (1)
52,366 (3)
52,367 (1)
52,369 (1)
52,372 (1)
52,373 (2)
52,375 (2)
52,380 (3)
52,381 (2)
52,385 (1)
52,391 (2)
52,397 (1)
52,400 (1)
52,403 (2)
52,407 (1)
52,409 (2)
52,410 (1)
53,0 (9)
53,1 (3)
53,2 (3)
53,3 (3)
53,4 (4)
53,5 (4)
53,6 (4)
53,7 (2)
53,8 (7)
53,9 (5)
53,10 (1)
53,11 (1)
53,12 (1)
53,15 (1)
53,23 (1)
53,27 (3)
53,30 (2)
53,31 (1)
53,32 (2)
53,34 (1)
53,35 (2)
53,36 (1)
53,37 (1)
53,38 (1)
53,40 (1)
53,42 (1)
53,43 (1)
53,49 (3)
53,51 (1)
53,58 (2)
53,59 (1)
53,61 (1)
53,63 (1)
53,64 (2)
53,68 (1)
53,79 (1)
53,81 (1)
53,83 (1)
53,86 (1)
53,87 (3)
53,88 (4)
53,90 (1)
53,91 (3)
53,94 (2)
53,97 (1)
53,98 (1)
53,100 (1)
53,101 (1)
53,106 (1)
53,110 (1)
53,112 (1)
53,113 (1)
53,117 (2)
53,118 (2)
53,121 (1)
53,124 (1)
53,125 (2)
53,137 (1)
53,140 (1)
53,141 (1)
53,142 (1)
53,148 (1)
53,149 (1)
53,152 (1)
53,157 (1)
53,158 (1)
53,160 (1)
53,163 (2)
53,164 (2)
53,165 (1)
53,167 (1)
53,169 (2)
53,170 (3)
53,171 (6)
53,172 (2)
53,173 (1)
53,174 (1)
53,181 (1)
53,184 (1)
53,186 (1)
53,187 (2)
53,194 (1)
53,195 (1)
53,196 (2)
53,197 (1)
54,0 (4)
54,1 (4)
54,2 (6)
54,3 (4)
54,4 (3)
54,5 (3)
54,6 (1)
54,7 (7)
54,8 (5)
54,9 (3)
54,10 (1)
54,11 (1)
54,12 (1)
54,16 (4)
54,17 (2)
54,18 (2)
54,19 (1)
54,24 (1)
54,29 (1)
54,31 (2)
54,32 (1)
54,36 (1)
54,40 (1)
54,45 (1)
54,47 (1)
54,49 (2)
54,50 (1)
54,52 (2)
54,54 (1)
54,55 (3)
54,56 (2)
54,58 (2)
54,61 (1)
54,74 (1)
54,75 (4)
54,76 (1)
54,81 (1)
54,92 (2)
54,94 (1)
54,95 (1)
54,96 (3)
54,97 (1)
54,98 (2)
54,99 (1)
54,102 (1)
54,103 (1)
54,108 (1)
54,109 (1)
54,110 (1)
54,111 (2)
54,114 (1)
54,117 (1)
54,124 (1)
54,125 (1)
54,131 (1)
54,133 (1)
54,136 (1)
54,137 (1)
54,138 (1)
54,141 (1)
54,144 (1)
54,146 (2)
54,148 (1)
54,150 (1)
54,152 (2)
54,153 (2)
54,154 (1)
54,156 (1)
54,160 (1)
54,161 (1)
54,163 (1)
54,164 (1)
54,165 (1)
54,168 (1)
54,170 (1)
54,173 (1)
54,174 (1)
54,175 (1)
54,180 (1)
54,183 (1)
54,184 (1)
54,186 (1)
54,193 (1)
54,195 (1)
54,198 (1)
54,201 (1)
54,203 (1)
54,205 (1)
54,209 (1)
54,210 (2)
54,212 (1)
54,213 (1)
54,214 (2)
54,215 (1)
54,217 (1)
54,218 (1)
54,220 (1)
54,226 (2)
54,227 (1)
54,238 (1)
54,240 (1)
55,0 (2)
55,1 (3)
55,2 (6)
55,3 (3)
55,4 (2)
55,5 (4)
55,6 (3)
55,7 (2)
55,8 (2)
55,9 (2)
55,11 (3)
55,12 (1)
55,13 (2)
55,20 (1)
55,23 (1)
55,25 (1)
55,26 (1)
55,27 (3)
55,28 (2)
55,30 (2)
55,31 (3)
55,33 (2)
55,36 (2)
55,37 (1)
55,39 (1)
55,40 (1)
55,43 (2)
55,45 (1)
55,47 (2)
55,49 (4)
55,56 (2)
55,57 (1)
55,58 (1)
55,62 (3)
55,63 (1)
55,65 (1)
55,67 (1)
55,68 (1)
55,70 (2)
55,72 (1)
55,79 (1)
55,84 (1)
55,85 (1)
55,87 (1)
55,100 (2)
55,101 (1)
55,102 (1)
55,104 (1)
55,106 (1)
55,107 (1)
55,108 (2)
55,109 (2)
55,110 (1)
55,112 (1)
55,113 (1)
55,118 (2)
55,119 (1)
55,120 (1)
55,127 (1)
55,142 (1)
55,150 (1)
55,154 (2)
55,158 (1)
55,165 (5)
55,166 (1)
55,173 (2)
55,174 (1)
55,175 (1)
55,178 (2)
55,181 (1)
55,183 (1)
55,184 (1)
55,187 (1)
55,194 (1)
55,199 (1)
55,200 (1)
55,201 (1)
55,203 (3)
55,206 (1)
55,207 (1)
55,216 (1)
55,217 (1)
55,218 (1)
55,226 (1)
55,227 (1)
55,230 (2)
55,233 (1)
55,238 (1)
55,239 (2)
55,269 (1)
56,0 (4)
56,1 (6)
56,2 (8)
56,3 (3)
56,4 (5)
56,5 (9)
56,6 (8)
56,7 (3)
56,8 (4)
56,9 (9)
56,12 (1)
56,13 (3)
56,20 (4)
56,24 (1)
56,26 (2)
56,27 (2)
56,29 (1)
56,30 (1)
56,32 (1)
56,33 (2)
56,38 (1)
56,41 (2)
56,44 (1)
56,48 (2)
56,50 (1)
56,51 (2)
56,53 (1)
56,60 (1)
56,61 (1)
56,63 (1)
56,64 (1)
56,69 (1)
56,70 (1)
56,74 (1)
56,75 (1)
56,76 (2)
56,78 (1)
56,81 (1)
56,82 (2)
56,86 (1)
56,94 (1)
56,96 (1)
56,99 (1)
56,103 (2)
56,104 (1)
56,105 (1)
56,106 (1)
56,110 (1)
56,115 (1)
56,116 (1)
56,117 (2)
56,120 (1)
56,123 (2)
56,126 (1)
56,127 (3)
56,130 (1)
56,134 (2)
56,135 (1)
56,141 (2)
56,142 (1)
56,143 (1)
56,144 (1)
56,148 (2)
56,151 (1)
56,159 (1)
56,162 (1)
56,164 (1)
56,169 (1)
56,170 (1)
56,177 (1)
56,182 (2)
56,188 (4)
56,189 (1)
56,197 (1)
56,201 (1)
56,203 (1)
56,205 (1)
56,213 (1)
56,236 (1)
56,237 (1)
56,240 (1)
56,245 (2)
56,247 (2)
56,248 (1)
56,250 (1)
56,254 (1)
56,263 (1)
56,269 (1)
56,270 (1)
56,278 (1)
56,280 (1)
56,288 (1)
56,292 (1)
56,295 (1)
56,297 (1)
56,299 (1)
56,302 (1)
56,304 (1)
56,308 (1)
56,314 (1)
56,316 (1)
56,320 (1)
56,322 (1)
56,323 (2)
56,328 (1)
56,332 (1)
56,338 (2)
56,340 (1)
56,342 (1)
56,344 (3)
56,354 (2)
56,357 (1)
56,364 (2)
56,366 (1)
56,368 (1)
56,369 (1)
56,371 (2)
56,372 (1)
56,375 (2)
56,376 (1)
56,385 (1)
56,390 (1)
56,391 (3)
56,395 (1)
56,398 (2)
56,406 (1)
56,409 (1)
56,410 (1)
56,413 (1)
56,414 (2)
56,415 (2)
56,416 (1)
56,417 (1)
56,420 (2)
56,423 (1)
56,425 (1)
57,0 (4)
57,1 (5)
57,2 (4)
57,3 (2)
57,4 (5)
57,5 (2)
57,6 (2)
57,7 (4)
57,8 (5)
57,9 (2)
57,13 (1)
57,15 (1)
57,16 (1)
57,20 (1)
57,26 (1)
57,29 (1)
57,32 (1)
57,34 (1)
57,39 (1)
57,45 (1)
57,46 (2)
57,49 (1)
57,53 (1)
57,55 (2)
57,57 (1)
57,58 (1)
57,59 (2)
57,67 (1)
57,68 (1)
57,74 (1)
57,75 (1)
57,79 (2)
57,86 (1)
57,93 (1)
57,100 (1)
57,105 (1)
57,109 (1)
57,115 (2)
57,117 (1)
57,118 (1)
57,129 (1)
57,136 (1)
57,137 (1)
57,146 (2)
57,149 (1)
57,154 (1)
57,157 (1)
57,166 (1)
57,172 (1)
57,175 (1)
58,0 (1)
58,1 (2)
58,2 (4)
58,3 (5)
58,4 (2)
58,5 (7)
58,6 (4)
58,7 (1)
58,8 (3)
58,9 (3)
58,17 (1)
58,20 (1)
58,22 (1)
58,29 (2)
58,30 (2)
58,36 (1)
58,46 (1)
58,51 (1)
58,53 (1)
58,56 (1)
58,57 (1)
58,58 (2)
58,60 (1)
58,61 (1)
58,62 (1)
58,66 (1)
58,68 (1)
58,69 (1)
58,70 (1)
58,71 (1)
58,73 (1)
58,75 (1)
58,80 (1)
58,84 (1)
58,88 (1)
58,90 (1)
58,95 (1)
58,96 (1)
58,98 (1)
58,102 (1)
58,103 (1)
58,105 (1)
58,108 (1)
58,109 (2)
58,111 (1)
58,114 (3)
58,115 (1)
58,122 (1)
58,123 (1)
58,129 (1)
58,130 (1)
58,131 (1)
58,134 (1)
58,140 (1)
59,0 (3)
59,1 (6)
59,2 (4)
59,3 (2)
59,4 (4)
59,5 (2)
59,6 (5)
59,7 (2)
59,8 (4)
59,9 (4)
59,10 (1)
59,11 (2)
59,14 (1)
59,15 (1)
59,22 (2)
59,25 (1)
59,26 (1)
59,28 (2)
59,29 (2)
59,31 (1)
59,32 (1)
59,33 (1)
59,35 (1)
59,36 (1)
59,37 (1)
59,38 (1)
59,41 (3)
59,42 (4)
59,48 (1)
59,49 (1)
59,51 (1)
59,54 (1)
59,56 (1)
59,57 (1)
59,59 (5)
59,60 (2)
59,64 (1)
59,66 (1)
59,74 (1)
59,75 (2)
59,76 (1)
59,81 (1)
59,84 (1)
59,85 (1)
59,86 (3)
59,89 (2)
59,91 (1)
59,93 (1)
59,95 (1)
59,98 (1)
59,102 (1)
59,106 (2)
59,107 (1)
59,113 (1)
59,114 (1)
59,117 (2)
59,123 (1)
59,138 (1)
59,150 (1)
59,152 (1)
59,157 (1)
59,159 (2)
59,165 (1)
59,170 (1)
59,178 (1)
60,0 (4)
60,1 (1)
60,2 (5)
60,3 (4)
60,4 (1)
60,5 (7)
60,6 (4)
60,7 (5)
60,8 (3)
60,9 (5)
60,10 (1)
60,12 (2)
60,13 (2)
60,14 (1)
60,15 (1)
60,18 (1)
60,19 (2)
60,20 (1)
60,21 (1)
60,23 (1)
60,26 (2)
60,28 (1)
60,30 (3)
60,31 (1)
60,34 (1)
60,35 (1)
60,42 (2)
60,45 (2)
60,53 (1)
60,54 (2)
60,57 (1)
60,58 (1)
60,59 (1)
60,60 (1)
60,61 (2)
60,62 (1)
60,66 (1)
60,72 (1)
60,73 (1)
60,74 (1)
60,78 (1)
60,80 (2)
60,81 (1)
60,85 (2)
60,88 (2)
60,89 (1)
60,91 (1)
60,93 (1)
60,94 (1)
60,97 (1)
60,98 (1)
60,99 (2)
60,102 (1)
60,103 (1)
60,105 (3)
60,106 (1)
60,107 (2)
60,110 (1)
60,111 (2)
60,112 (2)
60,113 (1)
60,114 (2)
60,115 (1)
60,117 (1)
60,118 (1)
60,119 (1)
60,120 (1)
60,127 (1)
60,128 (2)
60,131 (1)
60,132 (1)
60,135 (1)
60,136 (3)
60,137 (1)
60,140 (1)
60,142 (1)
60,145 (2)
60,146 (1)
60,147 (1)
60,152 (1)
60,153 (1)
60,161 (1)
60,168 (2)
60,169 (1)
60,170 (1)
60,172 (1)
60,173 (1)
60,174 (1)
60,175 (1)
60,176 (1)
60,178 (1)
60,183 (2)
60,185 (1)
60,186 (1)
60,188 (1)
60,189 (1)
60,190 (1)
60,193 (1)
60,195 (2)
60,197 (1)
60,198 (1)
60,200 (1)
60,201 (2)
60,202 (1)
60,204 (1)
60,206 (1)
60,207 (1)
60,208 (1)
60,212 (2)
60,215 (1)
60,216 (1)
60,222 (2)
60,225 (1)
60,228 (1)
60,234 (1)
60,239 (1)
60,240 (1)
60,248 (1)
60,250 (1)
60,254 (1)
60,255 (1)
60,328 (1)
60,469 (1)
61,0 (6)
61,1 (4)
61,2 (10)
61,3 (10)
61,4 (8)
61,5 (13)
61,6 (12)
61,7 (4)
61,8 (5)
61,9 (8)
61,12 (1)
61,13 (1)
61,14 (2)
61,15 (3)
61,16 (2)
61,17 (1)
61,18 (1)
61,19 (1)
61,22 (1)
61,23 (3)
61,24 (2)
61,28 (3)
61,30 (1)
61,31 (1)
61,32 (1)
61,33 (2)
61,34 (2)
61,35 (4)
61,37 (1)
61,39 (2)
61,41 (2)
61,43 (2)
61,44 (2)
61,46 (1)
61,47 (2)
61,49 (1)
61,53 (1)
61,55 (1)
61,57 (1)
61,58 (1)
61,61 (1)
61,62 (1)
61,63 (1)
61,65 (2)
61,67 (1)
61,69 (2)
61,74 (1)
61,75 (1)
61,77 (3)
61,78 (1)
61,79 (1)
61,85 (2)
61,88 (1)
61,90 (4)
61,91 (2)
61,93 (1)
61,94 (2)
61,96 (1)
61,98 (1)
61,99 (1)
61,101 (1)
61,102 (3)
61,103 (1)
61,104 (1)
61,105 (1)
61,108 (1)
61,109 (1)
61,112 (1)
61,115 (1)
61,117 (1)
61,120 (1)
61,122 (1)
61,125 (1)
61,130 (1)
61,131 (1)
61,135 (1)
61,141 (1)
61,143 (2)
61,147 (1)
61,151 (1)
61,158 (2)
61,168 (1)
61,180 (1)
61,181 (2)
61,185 (2)
61,186 (1)
61,188 (1)
61,190 (1)
61,191 (1)
61,192 (1)
61,193 (1)
61,195 (1)
61,200 (1)
61,202 (1)
61,215 (1)
61,216 (1)
61,219 (2)
61,220 (1)
61,223 (1)
61,239 (1)
61,244 (1)
61,246 (1)
61,250 (1)
61,251 (1)
61,256 (1)
61,258 (1)
61,261 (2)
61,262 (2)
61,265 (1)
61,268 (1)
61,269 (1)
61,271 (1)
61,273 (1)
61,275 (1)
61,277 (2)
61,279 (1)
61,280 (1)
61,281 (1)
61,282 (1)
61,284 (1)
61,286 (1)
61,288 (1)
61,289 (1)
61,290 (1)
61,294 (1)
61,295 (1)
61,296 (1)
61,297 (1)
61,298 (2)
61,300 (1)
61,301 (1)
61,302 (1)
61,306 (1)
61,307 (1)
61,308 (1)
61,315 (1)
61,317 (1)
61,319 (2)
61,325 (1)
61,326 (1)
61,327 (1)
61,329 (2)
62,0 (4)
62,1 (2)
62,2 (5)
62,3 (1)
62,4 (4)
62,5 (4)
62,6 (8)
62,7 (4)
62,8 (10)
62,9 (3)
62,12 (1)
62,15 (1)
62,16 (1)
62,17 (1)
62,18 (1)
62,21 (1)
62,27 (1)
62,29 (2)
62,30 (1)
62,31 (1)
62,32 (1)
62,33 (1)
62,34 (1)
62,36 (1)
62,39 (1)
62,41 (1)
62,42 (1)
62,48 (1)
62,50 (1)
62,53 (1)
62,55 (1)
62,60 (1)
62,67 (3)
62,70 (1)
62,71 (1)
62,74 (1)
62,81 (1)
62,82 (1)
62,85 (1)
62,88 (1)
62,89 (1)
62,90 (1)
62,91 (1)
62,96 (1)
62,97 (1)
62,99 (1)
62,101 (1)
62,102 (1)
62,104 (1)
62,115 (2)
62,116 (1)
62,119 (1)
62,124 (1)
62,129 (1)
62,142 (1)
62,145 (1)
62,146 (1)
62,147 (1)
62,151 (1)
62,153 (1)
62,157 (1)
62,162 (1)
62,164 (2)
62,165 (1)
62,169 (1)
62,170 (1)
62,171 (2)
62,172 (2)
62,173 (2)
62,175 (1)
62,188 (2)
62,191 (1)
62,192 (2)
62,196 (1)
62,198 (2)
62,200 (1)
62,203 (2)
62,204 (1)
62,205 (1)
62,210 (1)
62,212 (1)
62,220 (1)
62,224 (1)
62,228 (1)
62,231 (2)
62,233 (2)
62,234 (2)
62,235 (2)
62,236 (1)
62,237 (1)
63,0 (1)
63,1 (3)
63,2 (3)
63,3 (6)
63,4 (5)
63,5 (4)
63,6 (3)
63,7 (4)
63,8 (4)
63,10 (1)
63,11 (1)
63,15 (2)
63,24 (1)
63,26 (1)
63,28 (1)
63,34 (1)
63,39 (1)
63,41 (1)
63,42 (1)
63,46 (1)
63,52 (1)
63,58 (1)
63,59 (1)
63,60 (3)
63,62 (1)
63,63 (1)
63,74 (1)
63,75 (1)
63,78 (1)
63,80 (1)
63,83 (2)
63,86 (2)
63,88 (1)
63,90 (1)
63,97 (1)
63,98 (1)
63,99 (1)
63,105 (1)
63,106 (1)
63,110 (1)
63,112 (1)
63,113 (1)
63,114 (1)
63,124 (1)
63,127 (1)
63,134 (1)
63,136 (1)
63,138 (1)
63,146 (1)
63,151 (1)
63,154 (1)
63,157 (1)
63,159 (1)
63,161 (1)
63,162 (2)
63,165 (2)
63,168 (1)
63,169 (1)
63,172 (1)
63,174 (1)
63,175 (1)
63,176 (2)
63,178 (1)
63,185 (2)
63,186 (1)
63,187 (1)
63,188 (2)
63,189 (2)
63,190 (2)
63,191 (1)
63,194 (1)
63,195 (2)
64,0 (1)
64,1 (5)
64,2 (2)
64,3 (3)
64,4 (3)
64,5 (2)
64,6 (4)
64,7 (3)
64,8 (2)
64,9 (1)
64,11 (1)
64,13 (1)
64,14 (2)
64,15 (2)
64,17 (1)
64,18 (1)
64,20 (1)
64,21 (1)
64,23 (1)
64,24 (1)
64,30 (1)
64,32 (1)
64,35 (3)
64,38 (1)
64,40 (2)
64,42 (2)
64,43 (2)
64,45 (1)
64,46 (1)
64,49 (1)
64,55 (1)
64,59 (1)
64,62 (2)
64,65 (1)
64,67 (1)
64,68 (3)
64,70 (1)
64,72 (1)
64,73 (1)
64,75 (1)
64,79 (1)
64,86 (2)
64,87 (2)
64,88 (1)
64,91 (1)
64,92 (1)
64,98 (1)
64,99 (1)
64,100 (1)
64,102 (1)
64,104 (2)
64,105 (2)
64,110 (2)
64,112 (1)
64,114 (1)
64,115 (1)
64,118 (1)
64,122 (1)
64,123 (1)
64,124 (2)
64,125 (2)
64,129 (1)
64,131 (3)
64,133 (1)
64,138 (1)
64,142 (2)
64,149 (2)
64,157 (1)
64,159 (1)
64,164 (1)
65,0 (4)
65,1 (2)
65,2 (8)
65,3 (1)
65,4 (1)
65,5 (5)
65,6 (3)
65,7 (5)
65,8 (2)
65,9 (6)
65,11 (1)
65,13 (1)
65,15 (1)
65,17 (1)
65,19 (1)
65,20 (1)
65,21 (2)
65,23 (1)
65,24 (1)
65,27 (1)
65,29 (1)
65,32 (1)
65,35 (2)
65,36 (1)
65,38 (1)
65,40 (1)
65,42 (1)
65,48 (1)
65,49 (1)
65,52 (1)
65,53 (1)
65,57 (1)
65,58 (2)
65,65 (2)
65,68 (1)
65,71 (1)
65,72 (2)
65,73 (1)
65,74 (1)
65,78 (1)
65,82 (1)
65,88 (1)
65,89 (1)
65,91 (1)
65,92 (1)
65,94 (1)
65,98 (1)
65,99 (1)
65,103 (1)
65,105 (1)
65,111 (1)
65,119 (1)
65,122 (2)
65,125 (1)
65,135 (2)
65,136 (1)
65,139 (3)
65,140 (1)
65,141 (1)
65,142 (2)
65,145 (1)
65,152 (1)
65,156 (1)
65,161 (1)
65,162 (1)
65,168 (1)
65,171 (1)
65,173 (1)
65,174 (2)
65,176 (1)
65,180 (1)
65,195 (2)
65,196 (1)
65,197 (2)
65,203 (1)
65,204 (1)
65,211 (1)
65,214 (2)
65,215 (2)
65,216 (1)
65,217 (1)
65,218 (1)
65,219 (1)
65,221 (1)
65,222 (1)
65,226 (1)
65,230 (1)
65,243 (1)
65,253 (1)
65,256 (1)
66,0 (5)
66,1 (4)
66,2 (3)
66,3 (3)
66,4 (3)
66,5 (4)
66,6 (3)
66,7 (1)
66,8 (5)
66,9 (3)
66,13 (1)
66,15 (1)
66,16 (2)
66,20 (1)
66,25 (1)
66,29 (1)
66,30 (1)
66,32 (1)
66,33 (1)
66,39 (2)
66,41 (1)
66,43 (2)
66,48 (1)
66,50 (1)
66,53 (1)
66,56 (1)
66,57 (1)
66,60 (1)
66,61 (1)
66,65 (1)
66,68 (1)
66,71 (2)
66,73 (1)
66,74 (1)
66,78 (1)
66,80 (1)
66,84 (1)
66,86 (2)
66,87 (1)
66,91 (1)
66,92 (2)
66,97 (1)
66,98 (1)
66,104 (1)
66,107 (1)
66,109 (1)
66,111 (1)
66,119 (1)
66,126 (1)
66,134 (1)
66,136 (1)
66,137 (1)
66,138 (1)
66,139 (1)
66,142 (1)
66,143 (1)
66,144 (1)
66,155 (1)
66,157 (2)
66,158 (1)
66,161 (1)
66,166 (2)
66,172 (1)
66,173 (1)
66,189 (1)
66,191 (1)
66,192 (1)
66,193 (1)
67,0 (1)
67,1 (7)
67,3 (2)
67,4 (2)
67,5 (3)
67,6 (7)
67,7 (3)
67,8 (5)
67,9 (2)
67,10 (1)
67,13 (1)
67,14 (2)
67,15 (1)
67,18 (1)
67,23 (2)
67,25 (1)
67,29 (1)
67,32 (2)
67,33 (1)
67,36 (2)
67,37 (2)
67,38 (1)
67,39 (1)
67,42 (2)
67,45 (1)
67,47 (1)
67,48 (1)
67,52 (1)
67,56 (1)
67,59 (2)
67,62 (1)
67,65 (1)
67,68 (1)
67,76 (1)
67,77 (1)
67,83 (1)
67,84 (1)
67,85 (1)
67,87 (1)
67,91 (1)
67,101 (2)
67,104 (1)
67,106 (1)
67,108 (1)
67,111 (1)
67,112 (1)
68,2 (1)
68,3 (4)
68,5 (2)
68,7 (3)
68,8 (2)
68,9 (3)
68,11 (2)
68,12 (1)
68,13 (1)
68,16 (1)
68,19 (1)
68,20 (1)
68,33 (2)
68,34 (2)
68,37 (1)
68,40 (1)
68,41 (1)
68,43 (1)
68,44 (1)
68,48 (1)
68,49 (1)
68,51 (2)
68,52 (1)
68,53 (1)
68,62 (1)
68,65 (1)
68,66 (1)
68,68 (2)
68,71 (1)
68,167 (1)
69,1 (2)
69,2 (2)
69,3 (3)
69,4 (2)
69,5 (1)
69,6 (4)
69,7 (7)
69,9 (2)
69,10 (1)
69,15 (1)
69,16 (1)
69,17 (1)
69,18 (2)
69,19 (5)
69,20 (1)
69,25 (1)
69,26 (1)
69,29 (1)
69,31 (1)
69,39 (1)
69,43 (1)
69,47 (2)
69,49 (1)
69,50 (1)
69,62 (1)
69,64 (1)
69,65 (1)
69,67 (2)
69,77 (2)
69,80 (2)
69,82 (1)
69,89 (1)
69,90 (1)
69,91 (1)
69,95 (1)
69,100 (1)
69,101 (1)
69,103 (1)
69,107 (1)
69,109 (1)
69,114 (1)
69,118 (1)
69,125 (2)
69,126 (1)
69,129 (1)
69,131 (2)
69,132 (1)
69,136 (1)
69,141 (1)
69,150 (2)
69,154 (1)
69,158 (1)
69,160 (2)
69,161 (1)
69,163 (2)
69,164 (2)
69,167 (3)
69,180 (1)
69,181 (1)
69,185 (1)
70,0 (2)
70,1 (2)
70,2 (4)
70,3 (4)
70,4 (2)
70,5 (2)
70,6 (1)
70,7 (1)
70,8 (1)
70,9 (4)
70,13 (1)
70,14 (1)
70,19 (3)
70,21 (1)
70,24 (2)
70,25 (1)
70,26 (1)
70,30 (1)
70,31 (1)
70,35 (1)
70,36 (1)
70,40 (1)
70,42 (2)
70,43 (2)
70,48 (1)
70,54 (1)
70,55 (2)
70,56 (1)
70,58 (1)
70,59 (1)
70,60 (1)
70,61 (1)
70,69 (1)
70,70 (1)
70,71 (1)
70,74 (1)
70,80 (1)
70,86 (1)
70,88 (1)
70,89 (1)
70,90 (3)
70,91 (1)
70,93 (1)
70,97 (1)
70,98 (1)
70,101 (1)
70,102 (1)
70,104 (1)
70,107 (1)
70,118 (1)
70,122 (1)
70,132 (1)
71,0 (5)
71,1 (4)
71,2 (8)
71,3 (5)
71,4 (7)
71,5 (4)
71,6 (4)
71,7 (6)
71,8 (3)
71,9 (2)
71,11 (2)
71,14 (1)
71,16 (1)
71,20 (1)
71,22 (2)
71,26 (1)
71,28 (1)
71,34 (1)
71,44 (1)
71,52 (1)
71,60 (3)
71,65 (2)
71,67 (2)
71,68 (1)
71,70 (1)
71,71 (1)
71,72 (2)
71,73 (3)
71,76 (1)
71,77 (2)
71,79 (2)
71,82 (2)
71,83 (1)
71,86 (1)
71,92 (1)
71,93 (1)
71,95 (2)
71,96 (1)
71,97 (1)
71,107 (1)
71,109 (2)
71,111 (1)
71,117 (1)
71,118 (1)
71,120 (1)
71,121 (1)
71,122 (1)
71,124 (1)
71,125 (1)
71,127 (1)
71,130 (1)
71,135 (1)
71,143 (2)
71,146 (1)
71,149 (1)
71,154 (1)
71,155 (1)
71,159 (1)
71,160 (1)
71,166 (2)
71,174 (1)
71,176 (1)
71,191 (2)
71,193 (1)
71,194 (1)
71,195 (1)
71,196 (1)
71,197 (1)
71,198 (1)
71,200 (1)
71,202 (1)
71,205 (1)
71,207 (1)
71,215 (1)
71,218 (1)
71,219 (1)
71,220 (1)
71,222 (1)
71,225 (1)
71,232 (3)
71,238 (1)
71,239 (1)
71,240 (1)
71,243 (1)
71,248 (1)
71,249 (1)
71,251 (1)
71,263 (1)
71,266 (2)
71,267 (2)
71,268 (1)
71,270 (1)
71,272 (1)
71,282 (2)
71,286 (1)
71,295 (1)
71,300 (2)
71,303 (2)
71,304 (1)
71,305 (1)
72,0 (2)
72,1 (2)
72,2 (5)
72,3 (2)
72,4 (6)
72,5 (8)
72,6 (7)
72,7 (7)
72,8 (6)
72,9 (6)
72,14 (1)
72,20 (2)
72,23 (2)
72,24 (2)
72,25 (3)
72,26 (2)
72,27 (2)
72,28 (1)
72,29 (1)
72,31 (1)
72,33 (2)
72,34 (2)
72,35 (2)
72,37 (1)
72,38 (1)
72,39 (1)
72,40 (2)
72,42 (3)
72,44 (1)
72,46 (2)
72,50 (1)
72,52 (2)
72,53 (2)
72,58 (2)
72,65 (1)
72,66 (1)
72,70 (2)
72,75 (1)
72,76 (1)
72,79 (1)
72,80 (1)
72,86 (2)
72,87 (1)
72,89 (1)
72,92 (1)
72,93 (1)
72,95 (3)
72,97 (2)
72,98 (2)
72,99 (2)
72,100 (1)
72,101 (1)
72,105 (1)
72,114 (1)
72,118 (1)
72,119 (2)
72,120 (2)
72,123 (1)
72,130 (1)
72,136 (1)
72,144 (2)
72,146 (1)
72,152 (1)
72,154 (1)
72,155 (1)
72,158 (2)
72,159 (1)
72,161 (1)
72,162 (1)
72,165 (2)
72,166 (1)
72,173 (1)
72,175 (1)
72,176 (3)
72,180 (1)
72,181 (1)
72,184 (2)
72,189 (1)
72,191 (3)
72,192 (1)
72,193 (1)
72,204 (2)
72,205 (2)
72,206 (2)
72,207 (1)
72,210 (1)
72,211 (2)
72,213 (1)
72,215 (1)
72,218 (2)
72,219 (1)
72,220 (1)
72,223 (1)
72,224 (1)
72,227 (1)
72,229 (1)
72,235 (1)
72,238 (1)
72,239 (1)
72,246 (2)
72,247 (1)
72,253 (1)
72,256 (1)
72,257 (2)
72,260 (2)
72,263 (1)
72,267 (1)
72,268 (1)
72,271 (1)
72,273 (1)
72,278 (1)
72,279 (1)
72,284 (1)
72,285 (1)
72,286 (3)
72,287 (4)
72,289 (1)
72,290 (1)
72,292 (1)
72,294 (1)
72,300 (1)
72,301 (2)
72,303 (1)
72,310 (1)
72,312 (1)
72,316 (2)
72,319 (1)
72,320 (2)
72,323 (2)
72,327 (1)
72,332 (1)
72,334 (1)
72,335 (1)
72,336 (1)
72,337 (2)
72,342 (1)
72,343 (1)
72,344 (1)
72,349 (1)
72,353 (1)
72,354 (1)
72,358 (1)
72,360 (2)
72,364 (2)
72,368 (1)
72,369 (1)
72,374 (1)
72,376 (1)
72,377 (1)
72,381 (1)
72,390 (2)
72,394 (1)
72,395 (1)
72,399 (2)
72,406 (2)
73,0 (5)
73,1 (4)
73,2 (9)
73,3 (3)
73,4 (3)
73,5 (6)
73,6 (3)
73,7 (5)
73,8 (5)
73,9 (3)
73,18 (1)
73,20 (1)
73,21 (4)
73,22 (1)
73,23 (3)
73,27 (1)
73,30 (1)
73,31 (1)
73,32 (1)
73,33 (2)
73,36 (2)
73,39 (1)
73,42 (1)
73,48 (1)
73,56 (1)
73,57 (1)
73,58 (2)
73,60 (1)
73,67 (1)
73,73 (1)
73,74 (1)
73,75 (1)
73,76 (2)
73,77 (2)
73,82 (1)
73,83 (1)
73,85 (1)
73,94 (1)
73,97 (2)
73,103 (2)
73,104 (2)
73,110 (1)
73,111 (2)
73,114 (1)
73,116 (1)
73,119 (2)
73,122 (1)
73,128 (1)
73,131 (2)
73,134 (1)
73,137 (1)
73,139 (1)
73,144 (1)
73,146 (2)
73,149 (1)
73,150 (1)
73,151 (1)
73,153 (1)
73,157 (1)
73,159 (1)
73,162 (1)
73,163 (1)
73,164 (1)
73,193 (1)
73,194 (1)
73,196 (1)
73,200 (1)
73,201 (2)
73,202 (1)
73,203 (1)
73,204 (1)
73,206 (1)
73,208 (2)
73,211 (1)
73,212 (1)
73,216 (1)
73,217 (2)
73,219 (2)
73,222 (1)
73,223 (1)
73,225 (2)
73,228 (1)
73,230 (1)
73,235 (1)
73,236 (1)
73,239 (2)
73,240 (2)
73,241 (1)
73,243 (1)
73,245 (1)
73,247 (2)
73,250 (1)
73,257 (3)
73,259 (2)
73,270 (1)
73,271 (1)
73,274 (1)
73,276 (1)
73,277 (2)
73,281 (1)
73,283 (2)
73,284 (1)
73,288 (1)
73,290 (1)
73,293 (1)
73,301 (1)
73,306 (1)
73,307 (2)
73,309 (3)
73,321 (1)
73,325 (1)
73,329 (1)
73,330 (2)
73,332 (1)
73,338 (1)
73,339 (1)
73,340 (4)
73,341 (1)
73,344 (1)
73,345 (1)
73,346 (1)
73,349 (1)
73,357 (2)
73,359 (2)
73,365 (1)
73,366 (1)
73,368 (1)
73,371 (1)
73,374 (1)
73,375 (1)
73,376 (1)
73,377 (3)
73,378 (2)
73,380 (2)
73,383 (2)
73,388 (1)
73,392 (1)
73,400 (2)
73,403 (1)
73,407 (1)
73,408 (1)
73,410 (1)
73,417 (3)
73,420 (1)
73,422 (3)
73,423 (1)
73,429 (1)
73,430 (2)
73,441 (2)
74,0 (8)
74,1 (2)
74,2 (3)
74,3 (2)
74,4 (5)
74,5 (4)
74,6 (2)
74,7 (4)
74,8 (7)
74,9 (4)
74,15 (1)
74,16 (1)
74,22 (2)
74,24 (1)
74,25 (2)
74,27 (1)
74,29 (2)
74,30 (2)
74,33 (1)
74,36 (3)
74,38 (2)
74,40 (1)
74,42 (1)
74,51 (1)
74,53 (1)
74,58 (1)
74,60 (2)
74,61 (1)
74,62 (1)
74,66 (1)
74,68 (1)
74,72 (1)
74,74 (1)
74,76 (1)
74,78 (1)
74,81 (1)
74,82 (1)
74,85 (1)
74,86 (1)
74,89 (1)
74,94 (1)
74,98 (1)
74,103 (1)
74,107 (1)
74,112 (1)
74,116 (3)
74,123 (1)
74,124 (1)
74,125 (1)
74,127 (1)
74,128 (1)
74,130 (1)
74,132 (1)
74,133 (2)
74,139 (1)
74,141 (1)
74,148 (3)
74,154 (1)
74,156 (1)
74,157 (1)
74,159 (1)
74,160 (1)
74,161 (1)
74,163 (1)
74,164 (1)
74,167 (1)
74,170 (1)
74,179 (3)
74,187 (2)
74,190 (1)
74,192 (1)
74,196 (2)
74,204 (1)
74,213 (1)
74,215 (2)
74,217 (1)
74,224 (1)
74,231 (1)
74,235 (1)
74,238 (1)
74,242 (2)
74,266 (1)
74,273 (1)
74,278 (1)
74,283 (1)
74,284 (2)
74,285 (1)
74,289 (1)
74,310 (1)
74,312 (2)
74,314 (1)
74,316 (1)
74,320 (2)
74,322 (1)
74,324 (2)
74,325 (1)
75,0 (3)
75,1 (4)
75,2 (5)
75,3 (2)
75,4 (5)
75,5 (2)
75,6 (2)
75,7 (2)
75,8 (3)
75,9 (6)
75,15 (1)
75,16 (1)
75,17 (1)
75,18 (1)
75,22 (1)
75,24 (1)
75,26 (2)
75,29 (1)
75,32 (1)
75,33 (1)
75,34 (1)
75,35 (3)
75,41 (1)
75,42 (3)
75,43 (3)
75,44 (1)
75,45 (1)
75,58 (1)
75,59 (1)
75,60 (4)
75,62 (2)
75,83 (1)
75,92 (1)
75,93 (1)
75,94 (1)
75,95 (1)
75,104 (1)
75,118 (1)
75,119 (2)
75,120 (1)
75,129 (1)
75,134 (1)
75,137 (1)
75,138 (1)
75,143 (1)
75,146 (1)
75,148 (1)
75,156 (1)
75,157 (1)
75,158 (1)
75,160 (1)
75,167 (2)
75,168 (1)
75,171 (1)
75,177 (1)
75,180 (1)
75,188 (1)
75,194 (1)
75,196 (2)
76,1 (2)
76,2 (4)
76,9 (1)
76,11 (1)
76,13 (2)
76,16 (1)
76,21 (1)
76,24 (1)
76,26 (1)
76,28 (1)
76,30 (1)
76,32 (1)
76,37 (1)
77,1 (3)
77,2 (1)
77,4 (3)
77,6 (1)
77,7 (2)
77,8 (4)
77,9 (1)
77,12 (1)
77,15 (2)
77,16 (1)
77,17 (1)
77,19 (1)
77,20 (1)
77,22 (1)
77,29 (1)
77,39 (1)
77,40 (1)
77,47 (1)
77,48 (2)
77,49 (1)
77,55 (1)
77,57 (1)
77,60 (1)
77,62 (1)
77,64 (1)
77,75 (1)
77,77 (2)
78,0 (3)
78,1 (1)
78,2 (1)
78,3 (3)
78,4 (2)
78,5 (2)
78,6 (2)
78,7 (2)
78,8 (1)
78,9 (2)
78,13 (1)
78,14 (1)
78,20 (1)
78,22 (1)
78,27 (1)
78,32 (1)
78,36 (1)
78,37 (1)
78,41 (1)
78,46 (1)
78,49 (1)
78,60 (1)
78,76 (2)
78,78 (1)
78,79 (1)
78,83 (1)
78,85 (2)
78,87 (1)
78,90 (2)
78,91 (1)
78,92 (3)
78,94 (1)
78,99 (1)
78,102 (1)
78,106 (1)
78,112 (1)
78,115 (2)
78,119 (1)
78,125 (1)
78,127 (1)
78,128 (2)
78,129 (1)
78,130 (2)
78,131 (1)
78,132 (1)
79,0 (2)
79,2 (1)
79,4 (1)
79,5 (2)
79,6 (2)
79,9 (1)
79,15 (1)
79,18 (1)
79,31 (1)
79,38 (1)
79,45 (1)
80,1 (2)
80,3 (1)
80,4 (1)
80,6 (1)
80,7 (1)
80,8 (2)
80,10 (1)
80,11 (1)
80,14 (1)
80,25 (1)
80,27 (1)
80,30 (2)
80,33 (1)
80,38 (1)
80,41 (1)
80,42 (1)
80,45 (1)
80,49 (1)
80,50 (1)
81,0 (1)
81,1 (3)
81,2 (1)
81,3 (1)
81,4 (4)
81,5 (3)
81,6 (3)
81,8 (4)
81,11 (1)
81,17 (3)
81,20 (2)
81,29 (1)
81,32 (1)
81,35 (1)
81,37 (2)
81,41 (1)
81,42 (1)
81,52 (1)
81,54 (1)
81,57 (1)
81,61 (1)
81,62 (1)
81,72 (1)
81,77 (1)
81,79 (1)
81,85 (1)
81,97 (2)
81,100 (2)
81,102 (2)
81,106 (2)
81,108 (1)
81,112 (1)
81,113 (1)
81,115 (1)
82,0 (2)
82,3 (3)
82,4 (1)
82,7 (4)
82,8 (2)
82,9 (2)
82,20 (1)
82,22 (1)
82,23 (1)
82,29 (1)
82,30 (1)
82,31 (1)
82,32 (1)
82,33 (1)
82,34 (1)
82,35 (1)
82,36 (1)
82,39 (1)
82,42 (1)
82,46 (1)
82,50 (1)
82,52 (2)
83,2 (1)
83,4 (3)
83,6 (5)
83,7 (2)
83,8 (1)
83,9 (2)
83,10 (1)
83,11 (1)
83,12 (1)
83,15 (1)
83,17 (1)
83,27 (1)
83,28 (1)
83,30 (1)
83,31 (1)
83,35 (3)
83,37 (1)
83,39 (1)
84,0 (2)
84,1 (3)
84,2 (1)
84,3 (2)
84,4 (1)
84,5 (3)
84,6 (1)
84,7 (5)
84,8 (4)
84,18 (1)
84,20 (1)
84,24 (1)
84,25 (1)
84,28 (1)
84,29 (1)
84,37 (1)
84,39 (1)
84,42 (1)
84,43 (1)
84,47 (1)
84,65 (1)
85,1 (1)
85,3 (5)
85,4 (4)
85,6 (1)
85,7 (2)
85,8 (1)
85,9 (1)
85,11 (2)
85,15 (1)
85,18 (1)
85,23 (1)
85,25 (2)
85,26 (1)
85,34 (1)
85,37 (1)
86,0 (1)
86,1 (1)
86,2 (1)
86,3 (1)
86,4 (2)
86,5 (3)
86,6 (1)
86,7 (5)
86,8 (1)
86,9 (4)
86,11 (1)
86,13 (2)
86,16 (1)
86,17 (1)
86,26 (1)
86,27 (1)
86,29 (1)
86,32 (1)
86,44 (1)
86,45 (1)
86,46 (1)
86,52 (1)
86,55 (1)
86,56 (1)
86,59 (1)
86,60 (1)
86,62 (1)
86,66 (1)
86,67 (1)
86,69 (1)
86,71 (1)
86,74 (1)
86,75 (1)
86,93 (1)
86,106 (1)
86,108 (1)
86,112 (1)
86,113 (1)
86,114 (1)
86,115 (2)
86,116 (2)
86,119 (1)
86,133 (1)
86,137 (2)
86,149 (1)
86,157 (1)
86,158 (1)
86,166 (1)
87,0 (1)
87,1 (2)
87,2 (2)
87,4 (3)
87,5 (3)
87,6 (1)
87,7 (1)
87,8 (1)
87,11 (1)
87,12 (1)
87,13 (1)
87,18 (1)
87,19 (2)
87,23 (1)
87,26 (1)
87,31 (1)
87,34 (1)
87,35 (1)
87,44 (1)
87,47 (1)
87,48 (1)
87,52 (1)
88,0 (1)
88,1 (1)
88,2 (5)
88,4 (2)
88,5 (2)
88,6 (2)
88,7 (1)
88,13 (1)
88,14 (1)
88,16 (1)
88,19 (1)
88,21 (1)
88,24 (1)
88,25 (1)
88,26 (1)
88,31 (1)
88,33 (1)
88,35 (1)
88,42 (1)
88,49 (1)
88,56 (1)
88,59 (1)
89,3 (4)
89,5 (2)
89,6 (1)
89,7 (1)
89,8 (3)
89,25 (1)
89,26 (1)
89,41 (1)
89,53 (1)
89,72 (1)
89,90 (1)
89,104 (1)
89,114 (1)
89,115 (1)
90,1 (1)
90,2 (2)
90,3 (3)
90,4 (1)
90,5 (8)
90,7 (4)
90,8 (5)
90,9 (1)
90,18 (1)
90,19 (1)
90,21 (2)
90,26 (1)
90,30 (1)
90,31 (1)
90,38 (1)
90,40 (1)
90,42 (2)
90,43 (1)
90,44 (2)
90,45 (2)
90,54 (1)
90,56 (1)
90,61 (1)
90,62 (1)
90,64 (1)
90,65 (1)
90,67 (1)
90,73 (1)
90,75 (1)
90,85 (1)
90,91 (1)
90,95 (1)
90,100 (1)
90,110 (2)
90,117 (1)
90,133 (1)
90,138 (1)
90,141 (1)
90,144 (1)
90,147 (1)
90,152 (1)
90,154 (1)
90,158 (1)
90,175 (1)
90,188 (1)
90,197 (1)
90,204 (1)
91,2 (2)
91,3 (5)
91,4 (3)
91,5 (3)
91,7 (5)
91,8 (3)
91,9 (2)
91,13 (1)
91,23 (1)
91,29 (1)
91,31 (1)
91,37 (1)
91,42 (1)
91,44 (1)
91,45 (1)
91,54 (1)
92,1 (2)
92,3 (1)
92,4 (1)
92,5 (1)
92,6 (2)
92,9 (1)
92,10 (1)
92,11 (1)
92,12 (1)
92,22 (1)
92,24 (1)
92,25 (1)
92,35 (2)
92,39 (1)
92,47 (1)
92,48 (1)
92,62 (1)
92,66 (1)
92,68 (1)
92,70 (1)
92,75 (1)
92,87 (1)
93,0 (1)
93,2 (1)
93,3 (4)
93,4 (1)
93,5 (1)
93,6 (1)
93,7 (2)
93,8 (3)
93,9 (2)
93,12 (1)
93,14 (1)
93,17 (1)
93,18 (1)
93,25 (1)
93,26 (1)
93,49 (1)
93,51 (1)
93,57 (1)
93,69 (1)
93,71 (1)
93,78 (1)
93,81 (1)
93,82 (1)
93,86 (3)
93,88 (1)
93,92 (1)
93,99 (1)
94,0 (1)
94,1 (2)
94,2 (1)
94,3 (6)
94,4 (5)
94,5 (1)
94,6 (4)
94,7 (2)
94,8 (2)
94,9 (2)
94,10 (3)
94,11 (3)
94,12 (2)
94,13 (1)
94,17 (2)
94,20 (2)
94,25 (1)
94,26 (1)
94,32 (1)
94,33 (1)
94,36 (1)
94,41 (1)
94,44 (1)
94,52 (1)
94,61 (1)
94,66 (2)
94,67 (1)
94,69 (1)
94,71 (2)
94,77 (1)
94,78 (2)
94,79 (1)
94,81 (1)
94,94 (1)
94,95 (1)
94,97 (2)
94,98 (1)
94,101 (1)
94,103 (1)
94,109 (1)
94,110 (1)
94,112 (1)
94,119 (1)
94,121 (1)
94,125 (1)
94,127 (1)
94,131 (1)
94,133 (1)
94,134 (1)
94,135 (1)
94,137 (1)
95,0 (2)
95,1 (2)
95,2 (2)
95,3 (2)
95,4 (1)
95,5 (3)
95,6 (1)
95,7 (3)
95,8 (3)
95,9 (1)
95,12 (2)
95,18 (1)
95,20 (1)
95,26 (2)
95,47 (1)
95,48 (1)
95,52 (1)
95,54 (3)
95,57 (1)
95,58 (1)
95,60 (1)
95,68 (1)
95,70 (1)
95,71 (1)
95,74 (1)
95,78 (1)
95,88 (1)
95,92 (1)
96,0 (2)
96,1 (1)
96,2 (1)
96,3 (2)
96,6 (2)
96,7 (2)
96,8 (2)
96,9 (1)
96,13 (1)
96,14 (1)
96,15 (1)
96,16 (1)
96,17 (2)
96,19 (1)
96,21 (1)
96,22 (1)
96,26 (1)
96,27 (1)
96,30 (1)
96,31 (2)
96,35 (1)
96,36 (1)
96,37 (1)
96,40 (3)
96,41 (1)
96,46 (1)
96,47 (1)
96,49 (1)
97,0 (1)
97,2 (1)
97,3 (1)
97,5 (3)
97,6 (5)
97,7 (2)
97,8 (1)
97,9 (1)
97,10 (1)
97,15 (2)
97,17 (1)
97,19 (1)
97,20 (1)
97,22 (1)
97,23 (1)
97,24 (1)
97,26 (1)
97,35 (1)
97,38 (2)
97,41 (1)
97,42 (1)
97,43 (1)
97,46 (1)
97,48 (1)
98,1 (2)
98,2 (1)
98,3 (2)
98,4 (2)
98,5 (6)
98,8 (2)
98,9 (1)
98,11 (1)
98,13 (2)
98,25 (1)
98,26 (1)
98,29 (1)
98,31 (1)
98,32 (1)
98,33 (2)
98,38 (2)
98,39 (1)
98,40 (1)
98,45 (1)
98,48 (1)
98,49 (1)
98,53 (2)
98,54 (1)
98,57 (2)
98,61 (1)
98,69 (1)
99,0 (1)
99,1 (3)
99,3 (2)
99,4 (1)
99,5 (1)
99,7 (2)
99,8 (2)
99,9 (2)
99,10 (1)
99,24 (1)
99,26 (1)
99,27 (1)
99,28 (2)
99,29 (1)
99,30 (1)
99,32 (1)
99,35 (1)
99,36 (1)
99,41 (1)
99,42 (1)
99,46 (2)
100,2 (2)
100,4 (2)
100,5 (2)
100,6 (4)
100,9 (4)
100,10 (2)
100,12 (1)
100,14 (1)
100,18 (2)
100,19 (1)
100,24 (1)
100,30 (1)
100,39 (1)
100,41 (1)
100,42 (1)
100,44 (3)
100,57 (3)
101,0 (5)
101,1 (7)
101,2 (4)
101,3 (5)
101,4 (1)
101,5 (3)
101,6 (6)
101,7 (6)
101,8 (10)
101,9 (6)
101,16 (2)
101,17 (1)
101,19 (1)
101,26 (1)
101,27 (1)
101,37 (1)
101,38 (1)
101,41 (1)
101,42 (2)
101,44 (1)
101,46 (1)
101,48 (3)
101,51 (1)
101,54 (1)
101,55 (2)
101,57 (1)
101,61 (1)
101,62 (1)
101,64 (1)
101,68 (1)
101,70 (1)
101,71 (1)
101,73 (1)
101,81 (1)
101,82 (1)
101,89 (1)
101,93 (1)
101,94 (1)
101,96 (2)
101,101 (1)
101,108 (1)
101,113 (1)
101,115 (1)
101,118 (1)
101,125 (1)
101,127 (1)
101,128 (1)
101,135 (2)
101,140 (2)
101,144 (1)
101,150 (1)
101,155 (1)
101,156 (1)
101,163 (1)
101,167 (1)
101,169 (1)
101,174 (3)
101,176 (1)
101,177 (1)
101,178 (1)
101,180 (2)
101,186 (1)
101,187 (1)
101,188 (1)
101,189 (1)
101,191 (1)
101,196 (1)
101,199 (1)
101,200 (1)
101,205 (1)
101,227 (1)
101,243 (1)
101,246 (1)
101,262 (1)
101,263 (1)
101,266 (1)
101,271 (2)
101,276 (1)
101,277 (1)
101,280 (1)
101,284 (1)
101,285 (1)
101,286 (1)
101,290 (1)
101,295 (1)
101,299 (1)
101,301 (1)
101,304 (1)
101,320 (1)
101,323 (1)
101,326 (1)
101,332 (1)
101,333 (1)
101,335 (1)
101,339 (2)
101,342 (2)
101,352 (1)
101,355 (2)
101,356 (1)
101,358 (2)
101,359 (1)
101,364 (1)
101,368 (2)
101,387 (2)
102,0 (4)
102,1 (2)
102,2 (1)
102,3 (3)
102,4 (1)
102,5 (4)
102,6 (1)
102,7 (1)
102,8 (2)
102,9 (3)
102,16 (1)
102,34 (1)
102,45 (1)
102,46 (1)
102,53 (1)
102,55 (2)
102,64 (1)
102,67 (1)
102,72 (1)
102,75 (1)
102,76 (1)
102,77 (1)
102,83 (1)
102,104 (1)
102,105 (2)
102,108 (1)
102,113 (1)
102,118 (1)
102,119 (1)
102,124 (1)
102,127 (1)
102,130 (2)
102,134 (3)
102,139 (3)
102,141 (1)
102,144 (1)
102,145 (1)
102,146 (1)
102,148 (2)
102,152 (1)
102,153 (1)
103,0 (3)
103,1 (2)
103,2 (2)
103,3 (4)
103,4 (7)
103,5 (2)
103,6 (6)
103,7 (3)
103,8 (2)
103,9 (4)
103,10 (1)
103,12 (1)
103,20 (1)
103,33 (1)
103,38 (1)
103,47 (2)
103,61 (1)
103,62 (1)
103,63 (1)
103,66 (1)
103,67 (1)
103,73 (1)
103,79 (1)
103,81 (1)
103,101 (1)
103,121 (1)
103,134 (1)
103,139 (1)
103,145 (1)
103,157 (2)
103,158 (2)
103,162 (4)
103,163 (2)
103,164 (1)
103,165 (1)
103,166 (1)
103,168 (2)
103,169 (3)
103,170 (2)
103,179 (1)
103,184 (1)
103,187 (1)
103,189 (1)
103,192 (1)
103,195 (1)
103,196 (1)
103,198 (1)
103,199 (1)
103,202 (1)
103,203 (1)
103,204 (1)
103,206 (3)
103,207 (1)
103,208 (1)
103,209 (1)
103,211 (1)
103,212 (2)
103,214 (1)
103,216 (2)
103,223 (3)
103,225 (2)
103,226 (1)
103,227 (2)
103,231 (1)
103,236 (1)
103,237 (1)
103,238 (1)
103,239 (2)
104,0 (2)
104,1 (7)
104,2 (2)
104,3 (1)
104,4 (4)
104,5 (3)
104,6 (1)
104,7 (4)
104,8 (6)
104,9 (1)
104,13 (1)
104,19 (2)
104,20 (1)
104,25 (1)
104,31 (1)
104,32 (2)
104,34 (2)
104,35 (1)
104,39 (2)
104,46 (1)
104,50 (1)
104,54 (1)
104,55 (1)
104,57 (1)
104,58 (1)
104,59 (2)
104,68 (1)
104,70 (3)
104,74 (1)
104,75 (1)
104,77 (1)
104,84 (1)
104,85 (1)
104,88 (1)
104,89 (3)
104,90 (1)
104,91 (1)
104,98 (1)
104,101 (1)
104,109 (1)
104,111 (1)
104,112 (2)
104,113 (2)
104,114 (2)
104,119 (1)
104,126 (1)
104,129 (1)
104,138 (1)
104,143 (1)
104,150 (1)
104,151 (1)
104,157 (1)
104,171 (1)
104,174 (1)
104,186 (1)
104,191 (1)
104,195 (2)
104,197 (1)
104,202 (2)
104,203 (3)
104,209 (1)
104,211 (1)
104,214 (1)
104,218 (2)
105,2 (4)
105,3 (2)
105,4 (3)
105,6 (1)
105,7 (2)
105,8 (2)
105,9 (2)
105,11 (1)
105,13 (1)
105,16 (1)
105,19 (2)
105,22 (2)
105,24 (1)
105,27 (1)
105,31 (1)
105,32 (1)
105,42 (1)
105,44 (2)
105,58 (1)
105,59 (1)
105,60 (1)
105,66 (1)
105,72 (1)
105,77 (1)
105,89 (1)
105,91 (2)
106,0 (1)
106,1 (3)
106,2 (2)
106,3 (5)
106,4 (3)
106,5 (3)
106,6 (3)
106,7 (3)
106,8 (2)
106,9 (3)
106,12 (2)
106,13 (1)
106,18 (1)
106,22 (1)
106,25 (2)
106,26 (1)
106,30 (1)
106,36 (1)
106,37 (1)
106,46 (1)
106,48 (1)
106,50 (2)
106,51 (1)
106,56 (1)
106,62 (1)
106,64 (1)
106,73 (1)
106,76 (1)
106,85 (1)
106,102 (1)
106,104 (1)
106,109 (1)
106,114 (1)
106,126 (2)
106,130 (1)
106,133 (1)
106,140 (1)
106,151 (1)
106,158 (1)
106,163 (2)
106,164 (1)
106,166 (2)
106,167 (1)
106,172 (1)
106,181 (2)
106,182 (1)
106,183 (1)
106,184 (1)
106,185 (1)
107,0 (2)
107,1 (2)
107,2 (2)
107,5 (2)
107,6 (4)
107,8 (2)
107,9 (2)
107,10 (1)
107,23 (1)
107,24 (1)
107,25 (2)
107,39 (1)
107,46 (1)
107,51 (1)
107,52 (1)
107,56 (1)
107,57 (1)
107,62 (1)
107,69 (2)
107,70 (1)
107,71 (1)
107,79 (2)
107,81 (1)
107,82 (1)
107,90 (1)
107,95 (1)
107,99 (1)
107,104 (1)
107,106 (2)
107,114 (1)
107,121 (1)
107,126 (1)
107,127 (1)
107,131 (1)
107,133 (1)
107,134 (1)
107,136 (1)
108,0 (3)
108,1 (4)
108,2 (5)
108,3 (2)
108,4 (1)
108,5 (1)
108,6 (2)
108,7 (4)
108,9 (3)
108,16 (1)
108,19 (1)
108,20 (1)
108,21 (1)
108,28 (2)
108,30 (1)
108,35 (1)
108,40 (2)
108,43 (1)
108,44 (1)
108,47 (1)
108,48 (1)
108,51 (1)
108,58 (1)
108,63 (1)
108,69 (1)
108,74 (1)
108,77 (2)
108,78 (1)
108,90 (1)
108,98 (1)
108,99 (2)
108,106 (2)
108,109 (1)
108,131 (1)
108,133 (1)
108,134 (1)
108,135 (1)
108,136 (1)
108,141 (1)
108,144 (1)
108,146 (1)
108,153 (2)
108,156 (1)
108,162 (1)
108,177 (3)
108,178 (4)
108,180 (1)
108,183 (1)
108,184 (1)
108,200 (1)
109,0 (3)
109,1 (4)
109,2 (4)
109,3 (1)
109,5 (1)
109,6 (1)
109,7 (1)
109,8 (1)
109,10 (1)
109,22 (1)
109,39 (1)
109,41 (2)
109,42 (1)
109,43 (1)
109,44 (1)
109,45 (1)
109,50 (1)
109,52 (1)
109,55 (2)
109,60 (2)
109,62 (1)
109,65 (1)
109,70 (1)
109,71 (1)
109,74 (1)
109,75 (1)
109,81 (1)
109,83 (1)
109,91 (1)
109,94 (1)
109,95 (1)
109,96 (1)
109,98 (1)
109,110 (3)
109,117 (1)
109,118 (1)
109,119 (1)
109,120 (2)
109,124 (2)
109,125 (1)
109,126 (1)
109,135 (1)
109,137 (1)
109,146 (1)
109,148 (2)
109,150 (1)
109,151 (1)
110,0 (2)
110,2 (3)
110,3 (3)
110,4 (2)
110,5 (2)
110,6 (2)
110,7 (1)
110,8 (3)
110,9 (3)
110,10 (1)
110,13 (1)
110,17 (2)
110,33 (1)
110,34 (2)
110,35 (1)
110,38 (1)
110,48 (1)
110,52 (1)
110,56 (1)
110,67 (1)
110,69 (1)
110,75 (2)
110,79 (1)
110,80 (3)
110,84 (1)
110,86 (1)
110,87 (2)
110,106 (2)
110,109 (1)
110,110 (1)
110,111 (1)
110,112 (1)
110,119 (1)
110,123 (1)
110,126 (2)
110,129 (1)
110,132 (1)
110,133 (2)
110,134 (1)
110,139 (1)
110,141 (1)
110,143 (2)
111,0 (2)
111,2 (4)
111,3 (1)
111,4 (5)
111,5 (2)
111,6 (1)
111,9 (1)
111,10 (2)
111,15 (2)
111,21 (1)
111,22 (2)
111,25 (1)
111,37 (1)
111,41 (1)
111,58 (1)
111,59 (2)
111,63 (1)
111,72 (1)
111,82 (1)
111,87 (2)
111,91 (1)
111,98 (1)
111,99 (1)
111,104 (1)
112,0 (2)
112,1 (1)
112,2 (5)
112,3 (3)
112,4 (2)
112,6 (2)
112,7 (3)
112,8 (4)
112,9 (4)
112,13 (1)
112,18 (1)
112,25 (1)
112,27 (1)
112,28 (1)
112,56 (3)
112,61 (2)
112,62 (2)
112,63 (1)
112,67 (2)
112,70 (1)
112,77 (1)
112,80 (1)
112,84 (1)
112,85 (1)
112,87 (1)
112,89 (1)
112,102 (2)
112,111 (1)
112,112 (3)
112,113 (1)
112,114 (1)
112,115 (1)
112,116 (1)
112,119 (2)
112,128 (1)
112,131 (1)
112,137 (3)
112,141 (1)
112,147 (1)
112,148 (1)
112,149 (1)
112,150 (1)
112,152 (2)
112,153 (1)
112,156 (1)
112,161 (1)
112,167 (1)
112,169 (1)
112,178 (2)
112,183 (1)
112,184 (1)
112,187 (1)
112,190 (1)
112,194 (1)
112,205 (1)
112,212 (1)
112,213 (1)
113,0 (2)
113,1 (1)
113,3 (2)
113,4 (3)
113,5 (5)
113,6 (2)
113,7 (4)
113,8 (2)
113,9 (4)
113,10 (1)
113,14 (2)
113,17 (1)
113,18 (1)
113,19 (2)
113,22 (1)
113,23 (1)
113,25 (2)
113,30 (1)
113,32 (2)
113,34 (2)
113,44 (1)
113,48 (1)
113,50 (1)
113,53 (1)
113,55 (1)
113,56 (1)
113,74 (1)
113,75 (1)
113,78 (1)
113,88 (1)
113,99 (2)
114,0 (3)
114,1 (1)
114,2 (3)
114,3 (1)
114,4 (2)
114,5 (6)
114,7 (1)
114,8 (4)
114,9 (1)
114,15 (1)
114,17 (1)
114,18 (1)
114,19 (3)
114,20 (2)
114,21 (1)
114,23 (1)
114,25 (1)
114,30 (1)
114,31 (1)
114,33 (1)
114,34 (1)
114,35 (1)
114,37 (1)
114,51 (2)
114,54 (1)
114,57 (1)
114,60 (1)
114,61 (2)
114,65 (1)
114,67 (1)
114,69 (1)
114,84 (1)
114,86 (1)
114,90 (1)
114,91 (2)
114,93 (1)
114,94 (2)
114,97 (1)
114,100 (1)
114,108 (1)
114,116 (1)
114,119 (2)
114,120 (1)
114,130 (1)
114,131 (2)
114,132 (1)
114,133 (1)
114,140 (1)
114,144 (1)
115,0 (2)
115,2 (5)
115,3 (3)
115,5 (1)
115,6 (1)
115,7 (1)
115,8 (2)
115,9 (1)
115,10 (2)
115,17 (1)
115,24 (1)
115,25 (2)
115,30 (2)
115,32 (1)
115,39 (2)
115,55 (1)
115,57 (3)
115,58 (2)
115,64 (1)
115,65 (1)
115,72 (2)
115,76 (1)
115,79 (1)
115,81 (1)
115,89 (1)
115,90 (1)
115,95 (1)
115,101 (1)
115,102 (1)
115,103 (1)
115,108 (1)
115,112 (1)
115,123 (1)
115,125 (1)
115,139 (1)
115,140 (1)
115,146 (1)
115,148 (1)
115,156 (1)
116,1 (1)
116,2 (1)
116,3 (3)
116,5 (2)
116,6 (1)
116,7 (1)
116,8 (1)
116,9 (1)
116,10 (1)
116,11 (1)
116,21 (1)
116,26 (2)
116,29 (1)
116,33 (1)
116,35 (1)
116,37 (1)
116,56 (1)
116,60 (2)
116,65 (2)
116,71 (3)
116,74 (2)
116,83 (1)
116,85 (1)
116,87 (1)
116,95 (1)
116,110 (1)
117,0 (3)
117,1 (3)
117,2 (2)
117,4 (2)
117,5 (2)
117,6 (1)
117,7 (1)
117,8 (1)
117,9 (1)
117,18 (2)
117,20 (1)
117,21 (1)
117,37 (1)
117,53 (1)
117,55 (2)
117,62 (1)
117,73 (1)
117,76 (1)
117,89 (1)
117,92 (1)
117,93 (1)
117,103 (1)
117,109 (1)
117,111 (2)
117,116 (1)
117,125 (2)
117,126 (1)
117,127 (1)
117,129 (1)
117,133 (1)
117,135 (1)
117,140 (1)
117,141 (1)
117,147 (1)
117,148 (1)
117,166 (1)
117,177 (1)
118,0 (1)
118,1 (1)
118,4 (1)
118,5 (1)
118,6 (1)
118,8 (2)
118,9 (2)
118,11 (2)
118,16 (1)
118,21 (2)
118,24 (2)
118,44 (1)
118,54 (2)
118,56 (1)
118,76 (2)
118,84 (1)
118,93 (1)
118,97 (1)
118,108 (1)
118,109 (1)
118,118 (2)
118,121 (1)
118,133 (1)
118,140 (1)
118,154 (1)
118,157 (1)
118,162 (1)
118,176 (1)
118,186 (1)
118,191 (1)
118,197 (1)
119,0 (2)
119,2 (2)
119,4 (2)
119,5 (4)
119,6 (4)
119,8 (1)
119,9 (2)
119,16 (1)
119,19 (1)
119,21 (1)
119,39 (1)
119,47 (1)
119,49 (1)
119,53 (1)
119,64 (1)
119,67 (1)
119,69 (1)
119,72 (1)
119,79 (2)
119,81 (1)
119,94 (1)
119,95 (1)
119,97 (1)
119,110 (1)
119,129 (1)
119,137 (1)
119,142 (1)
119,162 (1)
119,166 (1)
119,176 (1)
119,179 (1)
119,192 (1)
119,198 (1)
119,202 (1)
119,209 (1)
119,212 (2)
119,219 (1)
120,0 (1)
120,1 (3)
120,2 (3)
120,3 (4)
120,4 (2)
120,5 (1)
120,6 (2)
120,7 (2)
120,9 (1)
120,12 (2)
120,13 (1)
120,14 (2)
120,16 (1)
120,22 (1)
120,25 (1)
120,26 (1)
120,30 (1)
120,31 (3)
120,34 (1)
120,35 (1)
120,36 (2)
120,39 (3)
120,44 (1)
120,45 (1)
120,47 (1)
120,48 (1)
120,49 (1)
120,52 (1)
120,53 (1)
120,55 (1)
120,57 (1)
120,62 (2)
120,64 (1)
120,65 (1)
120,67 (1)
120,73 (1)
120,76 (2)
120,77 (3)
120,80 (1)
120,84 (1)
120,86 (1)
120,89 (1)
120,92 (1)
120,93 (1)
120,96 (1)
120,97 (1)
120,106 (3)
120,107 (2)
120,110 (1)
120,116 (1)
120,118 (1)
120,127 (1)
120,129 (1)
121,0 (6)
121,1 (3)
121,2 (2)
121,3 (7)
121,4 (4)
121,5 (4)
121,7 (5)
121,8 (3)
121,9 (7)
121,11 (1)
121,12 (1)
121,19 (1)
121,23 (1)
121,29 (3)
121,33 (1)
121,35 (1)
121,52 (1)
121,53 (1)
121,62 (1)
121,67 (1)
121,71 (1)
121,73 (1)
121,74 (1)
121,80 (1)
121,81 (2)
121,82 (2)
121,90 (2)
121,99 (1)
121,100 (2)
121,101 (1)
121,103 (1)
121,104 (1)
121,110 (1)
121,111 (1)
121,112 (1)
121,115 (1)
121,116 (1)
121,119 (1)
121,121 (1)
121,123 (2)
121,124 (2)
121,125 (1)
121,130 (1)
121,141 (1)
121,145 (2)
121,147 (2)
121,149 (1)
121,151 (1)
121,153 (1)
121,159 (1)
121,160 (1)
121,162 (1)
121,167 (1)
121,169 (1)
121,173 (1)
121,176 (2)
121,178 (2)
121,180 (1)
121,181 (2)
121,184 (1)
121,188 (2)
121,192 (1)
121,218 (1)
121,224 (1)
121,226 (2)
121,229 (2)
121,230 (1)
121,243 (1)
121,255 (1)
121,259 (1)
121,261 (1)
121,263 (3)
121,264 (3)
121,272 (1)
121,276 (5)
121,277 (3)
121,278 (5)
121,280 (5)
122,0 (5)
122,1 (3)
122,2 (1)
122,3 (4)
122,4 (4)
122,6 (3)
122,7 (4)
122,8 (5)
122,9 (3)
122,17 (1)
122,20 (1)
122,26 (1)
122,27 (1)
122,30 (1)
122,32 (1)
122,33 (1)
122,34 (1)
122,44 (1)
122,51 (1)
122,60 (1)
122,63 (1)
122,65 (1)
122,66 (1)
122,67 (1)
122,68 (3)
122,69 (1)
122,71 (1)
122,72 (1)
122,74 (1)
122,79 (1)
122,81 (1)
122,86 (1)
122,95 (2)
122,97 (1)
122,112 (1)
123,0 (3)
123,1 (10)
123,2 (3)
123,3 (5)
123,4 (10)
123,5 (3)
123,6 (4)
123,7 (4)
123,8 (5)
123,9 (3)
123,11 (1)
123,23 (1)
123,24 (1)
123,32 (1)
123,34 (1)
123,37 (2)
123,46 (1)
123,49 (1)
123,50 (1)
123,51 (1)
123,55 (1)
123,60 (1)
123,61 (3)
123,68 (1)
123,70 (1)
123,80 (1)
123,81 (1)
123,92 (2)
123,105 (2)
123,106 (1)
123,110 (1)
123,111 (1)
123,117 (1)
123,121 (1)
123,131 (1)
123,133 (2)
123,134 (1)
123,137 (2)
123,140 (1)
123,144 (1)
123,147 (1)
123,153 (1)
123,157 (1)
123,158 (1)
123,161 (1)
123,164 (3)
123,165 (1)
123,171 (2)
123,172 (2)
123,190 (1)
123,191 (1)
123,193 (1)
123,196 (1)
123,198 (1)
123,204 (1)
123,210 (2)
123,211 (1)
123,213 (1)
123,216 (1)
123,219 (2)
123,226 (1)
123,228 (2)
123,230 (1)
123,235 (1)
123,239 (1)
123,250 (1)
123,252 (1)
123,262 (1)
123,263 (1)
123,284 (1)
123,288 (2)
123,303 (1)
123,313 (1)
123,316 (1)
123,317 (1)
123,334 (1)
123,339 (4)
123,344 (1)
124,0 (1)
124,1 (6)
124,2 (3)
124,3 (4)
124,4 (4)
124,5 (2)
124,6 (1)
124,7 (8)
124,8 (9)
124,9 (7)
124,14 (2)
124,16 (1)
124,21 (1)
124,34 (1)
124,52 (1)
124,56 (1)
124,58 (1)
124,62 (2)
124,69 (2)
124,71 (1)
124,72 (1)
124,74 (1)
124,77 (1)
124,79 (1)
124,83 (1)
124,92 (1)
124,94 (2)
124,103 (1)
124,108 (1)
124,112 (1)
124,113 (2)
124,120 (2)
124,131 (1)
124,133 (2)
124,135 (1)
124,139 (2)
124,141 (1)
124,142 (2)
124,146 (2)
124,147 (1)
124,148 (1)
124,150 (2)
124,153 (2)
124,154 (1)
124,159 (1)
124,162 (1)
124,164 (1)
124,171 (1)
124,172 (1)
124,175 (1)
124,177 (1)
124,183 (1)
124,184 (1)
124,186 (1)
124,187 (1)
124,190 (2)
124,193 (2)
124,197 (1)
124,198 (2)
124,202 (1)
124,204 (1)
124,206 (2)
124,211 (1)
124,215 (1)
124,237 (1)
124,243 (1)
124,247 (1)
124,250 (1)
124,251 (3)
148,135 (1)
190,90 (1)
561,7 (1)
