* 05149	VOP.	VOPADEVA'S Grammatik, nach BÖHTLINGK'S A
** !(4074) VOP. with 2 numeric parameters 
VOP. 2,19. 2
VOP. 6,90. 2
VOP. 6,9. 2
VOP. 3,76. 2
VOP. 8,74. 2
VOP. 8,75. 2
VOP. 6,73. 2
VOP. 6,77. 2
VOP. 26,69. 2
VOP. 3,95. 2
VOP. 8,112. 2
VOP. 3,95. 2
VOP. 6,8. 2
VOP. 4,25. 2
VOP. 6,61. 2
VOP. 26,11. 2
VOP. 7,2. 2
VOP. 3,60. 2
VOP. 7,15. 2
VOP. 3,149. 2
VOP. 7,14. 2
VOP. 7,14. 2
VOP. 6,57 2
VOP. 8,58. 2
VOP. 8,58. 2
VOP. 26,102. 2
VOP. 26,102. 2
VOP. 26,91. 2
VOP. 26,90. 2
VOP. 6,29. 2
VOP. 8,44 2
VOP. 8,60. 2
VOP. 8,58. 2
VOP. 26,33. 2
VOP. 5,29. 2
VOP. 4,7. 2
VOP. 26,171. 2
VOP. 5,6. 2
VOP. 3,89. 2
VOP. 26,16. 2
VOP. 26,158. 2
VOP. 4,7. 2
VOP. 4,15. 2
VOP. 26,196. 2
VOP. 14,3. 2
VOP. 14,3. 2
VOP. 19,7. 2
VOP. 6,57. 2
VOP. 6,57. 2
VOP. 7,110. 2
VOP. 6,88. 2
VOP. 5,7. 2
VOP. 6,88. 2
VOP. 3,65. 2
VOP. 26,173. 2
VOP. 9,16. 2
VOP. 6,88. 2
VOP. 6,50. 2
VOP. 6,51. 2
VOP. 3,57. 2
VOP. 7,48. 2
VOP. 7,48. 2
VOP. 6,42. 2
VOP. 3,37 2
VOP. 6,50. 2
VOP. 21,17. 2
VOP. 21,17. 2
VOP. 6,70. 2
VOP. 6,51. 2
VOP. 5,4. 2
VOP. 6,50. 2
VOP. 26,37. 2
VOP. 7,110. 2
VOP. 7,14. 2
VOP. 25,32. 2
VOP. 25,7. 2
VOP. 9,3. 2
VOP. 9,2. 2
VOP. 9,5. 2
VOP. 9,5. 2
VOP. 26,133. 2
VOP. 26,130. 2
VOP. 2,20. 2
VOP. 8,21. 2
VOP. 26,150. 2
VOP. 7,110. 2
VOP. 7,111. 2
VOP. 4,17. 2
VOP. 7,103. 2
VOP. 7,108. 2
VOP. 5,23. 2
VOP. 1,8. 2
VOP. 5,7. 2
VOP. 6,58. 2
VOP. 5,31 2
VOP. 6,35 2
VOP. 5,34. 2
VOP. 5,29. 2
VOP. 5,33. 2
VOP. 7,85. 2
VOP. 7,110. 2
VOP. 6,90. 2
VOP. 5,10. 2
VOP. 26,25. 2
VOP. 25,23. 2
VOP. 25,17. 2
VOP. 6,66. 2
VOP. 15,4. 2
VOP. 26,25. 2
VOP. 25,22. 2
VOP. 6,83. 2
VOP. 7,10. 2
VOP. 4,29. 2
VOP. 3,128. 2
VOP. 6,62. 2
VOP. 4,27. 2
VOP. 26,65. 2
VOP. 4,27. 2
VOP. 6,9. 2
VOP. 5,21. 2
VOP. 3,18. 2
VOP. 6,90. 2
VOP. 3,118. 2
VOP. 6,45. 2
VOP. 26,16. 2
VOP. 9,18. 2
VOP. 8,37. 2
VOP. 8,56 2
VOP. 5,7. 2
VOP. 7,87. 2
VOP. 23,7. 2
VOP. 6,82. 2
VOP. 26,25. 2
VOP. 6,61. 2
VOP. 2,28. 2
VOP. 2,28. 2
VOP. 9,18. 2
VOP. 6,81. 2
VOP. 6,61. 2
VOP. 6,76. 2
VOP. 21,17. 2
VOP. 6,61. 2
VOP. 6,76. 2
VOP. 3,144. 2
VOP. 3,132. 2
VOP. 6,71. 2
VOP. 6,75. 2
VOP. 6,75. 2
VOP. 6,57. 2
VOP. 25,32. 2
VOP. 2,43. 2
VOP. 8,21. 2
VOP. 8,22. 2
VOP. 5,34. 2
VOP. 3,37. 2
VOP. 3,37. 2
VOP. 5,7. 2
VOP. 3,18. 2
VOP. 6,70. 2
VOP. 5,7. 2
VOP. 26,193. 2
VOP. 26,181. 2
VOP. 5,20. 2
VOP. 26,4. 2
VOP. 6,24. 2
VOP. 4,26. 2
VOP. 7,56. 2
VOP. 5,22. 2
VOP. 26,62. 2
VOP. 6,79. 2
VOP. 26,63. 2
VOP. 5,21. 2
VOP. 7,96. 2
VOP. 7,96. 2
VOP. 7,103. 2
VOP. 8,114. 2
VOP. 8,52. 2
VOP. 7,101. 2
VOP. 7,101. 2
VOP. 26,83. 2
VOP. 26,83. 2
VOP. 7,103. 2
VOP. 6,65. 2
VOP. 6,1. 2
VOP. 15,5. 2
VOP. 3,144. 2
VOP. 1,8. 2
VOP. 6,69. 2
VOP. 7,77. 2
VOP. 7,77. 2
VOP. 26,142. 2
VOP. 6,91. 2
VOP. 6,91. 2
VOP. 6,91. 2
VOP. 8,102. 2
VOP. 3,9. 2
VOP. 6,46. 2
VOP. 7,103. 2
VOP. 6,61. 2
VOP. 6,20. 2
VOP. 1,8. 2
VOP. 3,171. 2
VOP. 25,17. 2
VOP. 25,8. 2
VOP. 25,16. 2
VOP. 26,19. 2
VOP. 26,19. 2
VOP. 3,171. 2
VOP. 6,26. 2
VOP. 6,14. 2
VOP. 26,196. 2
VOP. 1,8. 2
VOP. 5,7. 2
VOP. 5,7. 2
VOP. 5,7. 2
VOP. 26,15. 2
VOP. 26,219. 2
VOP. 26,219. 2
VOP. 5,7. 2
VOP. 26,219. 2
VOP. 23,53. 2
VOP. 21,17. 2
VOP. 9,10. 2
VOP. 26,111. 2
VOP. 23,54. 2
VOP. 26,57. 2
VOP. 4,19. 2
VOP. 26,113. 2
VOP. 18,22. 2
VOP. 26,170 2
VOP. 25,11. 2
VOP. 26,11. 2
VOP. 26,11. 2
VOP. 26,11. 2
VOP. 2,20. 2
VOP. 7,97. 2
VOP. 26,80. 2
VOP. 23,29. 2
VOP. 4,15. 2
VOP. 6,45. 2
VOP. 6,27. 2
VOP. 3,76. 2
VOP. 3,76. 2
VOP. 3,76. 2
VOP. 10,7. 2
VOP. 8,91. 2
VOP. 26,133. 2
VOP. 10,7. 2
VOP. 18,8. 2
VOP. 23,14. 2
VOP. 4,26. 2
VOP. 26,35. 2
VOP. 26,169. 2
VOP. 26,60. 2
VOP. 26,55. 2
VOP. 7,84. 2
VOP. 18,1. 2
VOP. 25,20. 2
VOP. 3,132. 2
VOP. 5,7. 2
VOP. 5,7. 2
VOP. 26,192, v. l. 2
VOP. 5,10. 2
VOP. 5,10. 2
VOP. 8,70. 2
VOP. 2,3. 2
VOP. 5,36 2
VOP. 5,10. 2
VOP. 5,26. 2
VOP. 5,6. 2
VOP. 21,16. 2
VOP. 8,53. 2
VOP. 8,52. 2
VOP. 26,112. 2
VOP. 26,112. 2
VOP. 26,112. 2
VOP. 3,12. 2
VOP. 6,49. 2
VOP. 6,48. 2
VOP. 6,74. 2
VOP. 26,16. 2
VOP. 26,16. 2
VOP. 4,24 2
VOP. 3,111. 2
VOP. 4,24. 2
VOP. 26,25. 2
VOP. 26,25, v. l. 2
VOP. 5,21. 2
VOP. 26,142. 2
VOP. 5,16. 2
VOP. 26,201. 2
VOP. 3,12. 2
VOP. 7,60. 2
VOP. 6,27. 2
VOP. 26,55. 2
VOP. 7,68. 2
VOP. 3,76. 2
VOP. 1,8. 2
VOP. 3,171. 2
VOP. 26,174. 2
VOP. 23,25. 2
VOP. 11,3. v. l. 2
VOP. 11,7. 2
VOP. 3,171. 2
VOP. 21,17. 2
VOP. 6,79. 2
VOP. 26,37. 2
VOP. 21,17. 2
VOP. 26,37, v. l. 2
VOP. 26,16. 2
VOP. 6,52. 2
VOP. 6,52. 2
VOP. 26,65. 2
VOP. 5,10. 2
VOP. 5,21. 2
VOP. 6,81. 2
VOP. 6,76. 2
VOP. 6,72. 2
VOP. 25,16. 2
VOP. 7,108. 2
VOP. 6,76. 2
VOP. 26,37. 2
VOP. 7,108. 2
VOP. 26,37. 2
VOP. 4,13. 2
VOP. 3,143. 2
VOP. 3,80. 2
VOP. 26,174. 2
VOP. 7,87. 2
VOP. 26,20. 2
VOP. 8,79 2
VOP. 26,6. 2
VOP. 19,7. 2
VOP. 16,5. 2
VOP. 21,5. 2
VOP. 4,26. 2
VOP. 6,45. 2
VOP. 21,15. 2
VOP. 21,5. 2
VOP. 21,18. 2
VOP. 5,34. 2
VOP. 6,35 2
VOP. 9,22. 2
VOP. 9,8 2
VOP. 8,34. 2
VOP. 25,12. 2
VOP. 9,24. 2
VOP. 11,5. 2
VOP. 21,17. 2
VOP. 23,15. 2
VOP. 6,25. 2
VOP. 3,39 2
VOP. 6,33. 2
VOP. 5,6. 2
VOP. 5,15. 2
VOP. 26,55. 2
VOP. 8,21. 2
VOP. 3,95. 2
VOP. 11,4. 2
VOP. 2,54. 2
VOP. 3,150. 2
VOP. 3,165. 2
VOP. 3,30. 2
VOP. 6,9 2
VOP. 3,42 2
VOP. 2,54. 2
VOP. 2,19. 2
VOP. 6,42. 2
VOP. 26,174. 2
VOP. 12,1. 2
VOP. 26,175. 2
VOP. 26,175. 2
VOP. 26,175 2
VOP. 26,175. 2
VOP. 4,12. 2
VOP. 4,12. 2
VOP. 7,19. 2
VOP. 6,68. 2
VOP. 26,15. 2
VOP. 26,170. 2
VOP. 26,12. 2
VOP. 26,16. 2
VOP. 4,24. 2
VOP. 9,46. 2
VOP. 26,20. 2
VOP. 6,55. 2
VOP. 26,62. 2
VOP. 26,63. 2
VOP. 7,72. 2
VOP. 25,32 2
VOP. 26,181 2
VOP. 7,111. 2
VOP. 26,18. 2
VOP. 5,30. 2
VOP. 4,16. 2
VOP. 26,12. 2
VOP. 26,12. 2
VOP. 26,11. 2
VOP. 5,3. 2
VOP. 7,91. 2
VOP. 7,7. 2
VOP. 7,7 2
VOP. 26,215. 2
VOP. 19,10. 2
VOP. 2,25. 2
VOP. 26,215 2
VOP. 23,31. 2
VOP. 26,73. 2
VOP. 7,19. 2
VOP. 26,219. 2
VOP. 5,6. 2
VOP. 26,170. 2
VOP. 25,22. 2
VOP. 3,145. 2
VOP. 26,71. 2
VOP. 7,85. 2
VOP. 5,29. 2
VOP. 26,191. 2
VOP. 5,22. 2
VOP. 23,11. 2
VOP. 4,7. 2
VOP. 26,13. 2
VOP. 8,63. 2
VOP. 26,6. 2
VOP. 26,159. 2
VOP. 26,59. 2
VOP. 26,33. 2
VOP. 5,30. 2
VOP. 26,138 2
VOP. 5,7. 2
VOP. 5,2. 2
VOP. 3,39 2
VOP. 26,194. 2
VOP. 26,7. 2
VOP. 7,22. 2
VOP. 7,22. 2
VOP. 26,53. 2
VOP. 26,186. 2
VOP. 26,36. 2
VOP. 26,36. 2
VOP. 7,19. 2
VOP. 7,18. 2
VOP. 21,15. 2
VOP. 21,15. 2
VOP. 9,15 2
VOP. 8,114 2
VOP. 5,5. 2
VOP. 9,15. 2
VOP. 5,4. 2
VOP. 5,5. 2
VOP. 19,1. 2
VOP. 19,7. 2
VOP. 7,79. 2
VOP. 26,191. 2
VOP. 5,15. 2
VOP. 26,160. 2
VOP. 26,186. 2
VOP. 3,9. 2
VOP. 3,88. 2
VOP. 5,21 2
VOP. 6,3. 2
VOP. 7,103. 2
VOP. 7,110. 2
VOP. 7,87 2
VOP. 6,61. 2
VOP. 7,110. 2
VOP. 5,7. 2
VOP. 26,186. 2
VOP. 26,157. 2
VOP. 7,110. 2
VOP. 7,110. 2
VOP. 14,4 2
VOP. 26,131. 2
VOP. 26,174. 2
VOP. 4,23. 2
VOP. 3,131. 2
VOP. 7,94. 2
VOP. 26,60. 2
VOP. 25,22. 2
VOP. 26,207 2
VOP. 25,21. 2
VOP. 7,110. 2
VOP. 2,19. 2
VOP. 5,15. 2
VOP. 21,14. 2
VOP. 5,15. 2
VOP. 5,15. 2
VOP. 9,39 2
VOP. 5,10. 2
VOP. 21,14. 2
VOP. 26,156. 2
VOP. 5,29. 2
VOP. 26,194. 2
VOP. 26,199. 2
VOP. 26,197. fgg. 2
VOP. 26,190. 2
VOP. 26,190. 2
VOP. 2,19 2
VOP. 2,22. 2
VOP. 25,20. 2
VOP. 4,8. 2
VOP. 26,219. 2
VOP. 13,1, v. l. 2
VOP. 7,77 2
VOP. 8,58. 2
VOP. 26,55. 2
VOP. 1,2. 2
VOP. 1,2. 2
VOP. 7,51. 2
VOP. 7,51. 2
VOP. 7,51. 2
VOP. 19,1. 2
VOP. 26,34. 2
VOP. 7,2. 2
VOP. 25,16. 2
VOP. 25,11. 2
VOP. 7,48. 2
VOP. 23,28. 2
VOP. 6,52. 2
VOP. 3,170. 2
VOP. 6,43. 2
VOP. 7,106. 2
VOP. 5,23. 2
VOP. 7,106. 2
VOP. 7,103. 2
VOP. 3,170. 2
VOP. 26,142. 2
VOP. 26,142. 2
VOP. 26,34. 2
VOP. 26,34. 2
VOP. 21,17. 2
VOP. 26,101. 2
VOP. 1,8. 2
VOP. 26,98. 2
VOP. 18,1. 2
VOP. 6,84. 2
VOP. 21,5. 2
VOP. 6,87. 2
VOP. 23,31. 2
VOP. 8,125. 2
VOP. 26,34. 2
VOP. 26,34. 2
VOP. 26,20. 2
VOP. 21,11. 2
VOP. 23,19. 2
VOP. 26,142. 2
VOP. 1,8. 2
VOP. 5,7. 2
VOP. 5,31. 2
VOP. 26,28. 2
VOP. 6,29. 2
VOP. 6,67. 2
VOP. 26,11. 2
VOP. 6,63. 2
VOP. 6,22. 2
VOP. 8,43. 2
VOP. 6,68. 2
VOP. 23,28, v. l. 2
VOP. 23,28. 2
VOP. 15,5. 2
VOP. 6,69. 2
VOP. 6,22. 2
VOP. 6,42. 2
VOP. 23,25. 2
VOP. 7,110. 2
VOP. 5,7. 2
VOP. 5,23. 2
VOP. 7,110. 2
VOP. 26,14. 2
VOP. 26,14. 2
VOP. 7,2. 2
VOP. 21,17. 2
VOP. 6,62. 2
VOP. 6,64. 2
VOP. 21,17. 2
VOP. 3,9. 2
VOP. 6,68. 2
VOP. 26,16. 2
VOP. 15,5. 2
VOP. 16,2. 2
VOP. 8,87. 2
VOP. 25,17. 2
VOP. 26,170. 2
VOP. 4,24. 2
VOP. 4,24. 2
VOP. 6,45. 2
VOP. 6,62. 2
VOP. 6,62. 2
VOP. 5,7. 2
VOP. 8,134. 2
VOP. 18,1. 2
VOP. 13,4. 2
VOP. 3,9. 2
VOP. 5,7 2
VOP. 7,103. 2
VOP. 7,78. 2
VOP. 26,61. 2
VOP. 26,61. 2
VOP. 26,70. 2
VOP. 15,5. 2
VOP. 6,52. 2
VOP. 7,56. 2
VOP. 7,56. 2
VOP. 26,68. 2
VOP. 7,14. 2
VOP. 26,101 2
VOP. 3,155 2
VOP. 3,156 2
VOP. 8,80. 2
VOP. 26,207 2
VOP. 21,11 2
VOP. 26,75. 2
VOP. 26,73. 2
VOP. 21,14. 2
VOP. 4,14. 2
VOP. 7,63. 2
VOP. 18,1 2
VOP. 6,8. 2
VOP. 4,30. 2
VOP. 3,165. 2
VOP. 19,8. 2
VOP. 23,31. 2
VOP. 5,5. 2
VOP. 23,9. 2
VOP. 23,15 2
VOP. 23,16. 2
VOP. 6,8. 2
VOP. 26,101. 2
VOP. 26,10 2
VOP. 2,9. 2
VOP. 2,8 2
VOP. 26,57. 2
VOP. 5,21. 2
VOP. 5,7. 2
VOP. 3,134. 2
VOP. 3,9 2
VOP. 6,36. 2
VOP. 7,96. 2
VOP. 3,34. 2
VOP. 7,36. 2
VOP. 3,88. 2
VOP. 7,100. 2
VOP. 7,45. 2
VOP. 4,15. 2
VOP. 4,15. 2
VOP. 7,95. 2
VOP. 5,34. 2
VOP. 2,3. 2
VOP. 26,35. 2
VOP. 4,27. 2
VOP. 5,26. 2
VOP. 2,55. 2
VOP. 7,110. 2
VOP. 7,94. 2
VOP. 2,3. 2
VOP. 26,174. 2
VOP. 2,6. 2
VOP. 3,143 2
VOP. 7,45. 2
VOP. 6,1. 2
VOP. 7,110. 2
VOP. 7,15. 2
VOP. 2,3. 2
VOP. 2,7. 2
VOP. 2,5. 2
VOP. 2,7. 2
VOP. 4,17. 2
VOP. 25,5. 2
VOP. 2,35. 2
VOP. 7,31. 2
VOP. 8,63. 2
VOP. 7,78. 2
VOP. 4,15. 2
VOP. 18,3. 2
VOP. 8,21. 2
VOP. 1,4. 2
VOP. 21,13. 2
VOP. 21,18. 2
VOP. 26,189. 2
VOP. 7,96. 2
VOP. 25,5. 2
VOP. 25,10. 2
VOP. 7,96. 2
VOP. 25,5. 2
VOP. 25,10. 2
VOP. 7,94. 2
VOP. 7,70. 2
VOP. 7,41. 2
VOP. 3,12 2
VOP. 7,41. 2
VOP. 7,69. 2
VOP. 6,92. 2
VOP. 7,110. 2
VOP. 25,9 2
VOP. 17,4. 2
VOP. 26,192. 2
VOP. 6,96. 2
VOP. 6,92. 2
VOP. 7,101. 2
VOP. 25,4. 2
VOP. 6,96. 2
VOP. 6,92. 2
VOP. 6,92. 2
VOP. 7,60. 2
VOP. 7,60. 2
VOP. 7,31. 2
VOP. 7,31. 2
VOP. 6,14. 2
VOP. 24,6. 2
VOP. 18,22 2
VOP. 26,158. 2
VOP. 2,9. 2
VOP. 7,31. 2
VOP. 26,158. 2
VOP. 24,10 2
VOP. 8,56. 2
VOP. 9,19. 2
VOP. 21,10. 2
VOP. 7,88. 2
VOP. 7,89. 2
VOP. 5,5. 2
VOP. 24,12. 2
VOP. 23,54. 2
VOP. 24,12. 2
VOP. 6,58. 2
VOP. 23,26. 2
VOP. 22,1. 2
VOP. 23,25 2
VOP. 23,25. 2
VOP. 15,4. 2
VOP. 15,4. 2
VOP. 15,4. 2
VOP. 15,4. 2
VOP. 22,1. 2
VOP. 23,25. 2
VOP. 23,25. 2
VOP. 23,25. 2
VOP. 23,25. 2
VOP. 23,27 2
VOP. 23,27. 2
VOP. 20,4. 2
VOP. 13,2 2
VOP. 24,12. 2
VOP. 19,7. 2
VOP. 23,6. 2
VOP. 23,6. 2
VOP. 23,6. 2
VOP. 13,3. 2
VOP. 13,3. 2
VOP. 16,2. 2
VOP. 26,47. 2
VOP. 26,54. 2
VOP. 26,54. 2
VOP. 7,55. 2
VOP. 26,57. 2
VOP. 4,29. 2
VOP. 7,78. 2
VOP. 5,9. 2
VOP. 21,2. 2
VOP. 26,47. 2
VOP. 24,8. 2
VOP. 5,2. 2
VOP. 26,205. 2
VOP. 5,8. 2
VOP. 7,89. 2
VOP. 7,101. 2
VOP. 25,4. 2
VOP. 21,17. 2
VOP. 7,14. 2
VOP. 8,80. 2
VOP. 25,1. 2
VOP. 8,122 2
VOP. 8,123 2
VOP. 4,24. 2
VOP. 7,63. 2
VOP. 7,49. 2
VOP. 7,63. 2
VOP. 6,15. 2
VOP. 6,13. 2
VOP. 6,96. 2
VOP. 4,26. 2
VOP. 6,96. 2
VOP. 26,111 2
VOP. 21,10. 2
VOP. 20,7. 2
VOP. 26,156. 2
VOP. 6,93. fgg. 2
VOP. 6,93. 2
VOP. 6,96. 2
VOP. 6,95. 2
VOP. 13,1. 2
VOP. 6,55. 2
VOP. 6,55. 2
VOP. 4,15. 2
VOP. 7,15. 2
VOP. 7,6. 2
VOP. 7,7. 2
VOP. 6,94. 2
VOP. 6,94. 2
VOP. 26,170. 2
VOP. 6,72. 2
VOP. 7,6. 2
VOP. 26,32. 2
VOP. 25,20. 2
VOP. 26,146. 2
VOP. 5,27. 2
VOP. 21,1. 2
VOP. 26,174. 2
VOP. 2,45. 2
VOP. 26,26. 2
VOP. 5,26. 2
VOP. 4,6. 2
VOP. 8,21. 2
VOP. 26,194. 2
VOP. 26,142. 2
VOP. 26,191. 2
VOP. 3,59. 2
VOP. 26,195 2
VOP. 7,85. 2
VOP. 8,112. 2
VOP. 1,2. 2
VOP. 5,36. 2
VOP. 8,75. 2
VOP. 7,7. 2
VOP. 6,14. 2
VOP. 6,89. 2
VOP. 7,28. 2
VOP. 21,4. 2
VOP. 7,51. 2
VOP. 25,22. 2
VOP. 25,12. 2
VOP. 7,110. 2
VOP. 7,94. 2
VOP. 26,32. 2
VOP. 26,184. 2
VOP. 26,167. 2
VOP. 5,5. 2
VOP. 26,91. 2
VOP. 18,18 2
VOP. 13,5. 2
VOP. 7,77. 2
VOP. 26,147. 2
VOP. 7,78 2
VOP. 4,26. 2
VOP. 26,11. 2
VOP. 7,110. 2
VOP. 7,14. 2
VOP. 7,65. 2
VOP. 26,206. 2
VOP. 8,41. 2
VOP. 5,15 2
VOP. 6,94. 2
VOP. 6,94. 2
VOP. 26,20. 2
VOP. 6,44. 2
VOP. 26,192. 2
VOP. 26,192, v. l. 2
VOP. 26,45. 2
VOP. 6,32. 2
VOP. 4,29. 2
VOP. 26,46. 2
VOP. 2,13. 2
VOP. 4,26. 2
VOP. 5,29. 2
VOP. 5,29. 2
VOP. 26,204. 2
VOP. 24,9. 2
VOP. 21,17. 2
VOP. 26,107. 2
VOP. 4,25. 2
VOP. 4,25. 2
VOP. 7,110. 2
VOP. 20,6. 2
VOP. 23,5. 2
VOP. 26,57. 2
VOP. 26,53. 2
VOP. 26,56. 2
VOP. 26,56. 2
VOP. 5,26. 2
VOP. 1,2. 2
VOP. 21,17. 2
VOP. 26,188. 2
VOP. 5,28. 2
VOP. 21,10. 2
VOP. 5,26. 2
VOP. 26,19. 2
VOP. 26,187. 2
VOP. 26,179. 2
VOP. 7,70 2
VOP. 26,101. 2
VOP. 7,59. 2
VOP. 26,20. 2
VOP. 21,7. 2
VOP. 7,82. 2
VOP. 7,67. 2
VOP. 6,84. 2
VOP. 7,67. 2
VOP. 21,7. 2
VOP. 5,6. 2
VOP. 4,17. 2
VOP. 6,33. 2
VOP. 6,33. 2
VOP. 6,33. 2
VOP. 25,1. 2
VOP. 6,33. 2
VOP. 6,96. 2
VOP. 7,13. 2
VOP. 6,40. 2
VOP. 8,87. 2
VOP. 4,15. 2
VOP. 7,7. 2
VOP. 18,22. 2
VOP. 26,30. 2
VOP. 26,207. 2
VOP. 18,8. 2
VOP. 5,5. 2
VOP. 8,68 2
VOP. 8,67 2
VOP. 8,69 2
VOP. 26,209. 2
VOP. 23,30. 2
VOP. 23,30. 2
VOP. 5,3. 2
VOP. 6,61. 2
VOP. 6,61. 2
VOP. 23,31 2
VOP. 23,33 2
VOP. 23,30 2
VOP. 23,30 2
VOP. 23,33 2
VOP. 23,33. 2
VOP. 23,32 2
VOP. 7,15. 2
VOP. 26,28. 2
VOP. 26,16. 2
VOP. 26,69. 2
VOP. 26,187. 2
VOP. 5,2. 2
VOP. 5,12. 2
VOP. 4,18. 2
VOP. 18,17. 2
VOP. 23,1. 2
VOP. 23,1. 2
VOP. 5,18. 2
VOP. 23,1. 2
VOP. 23,4. 2
VOP. 23,4. 2
VOP. 23,4. 2
VOP. 23,4. 2
VOP. 23,5. 2
VOP. 23,5. 2
VOP. 3,62. fgg. 2
VOP. 3,64 2
VOP. 3,62. fgg. 2
VOP. 21,7. 2
VOP. 21,7. 2
VOP. 26,30 2
VOP. 4,7. 2
VOP. 9,37. 2
VOP. 7,15. 2
VOP. 4,24. 2
VOP. 4,24. 2
VOP. 26,47. 2
VOP. 26,16 2
VOP. 6,13. 2
VOP. 23,3. 2
VOP. 26,99. 2
VOP. 8,63 2
VOP. 26,216, v. l. 2
VOP. 22,1. 2
VOP. 22,1. 2
VOP. 21,17. 2
VOP. 22,1. 2
VOP. 26,192. 2
VOP. 4,6. 2
VOP. 26,145. 2
VOP. 7,56. 2
VOP. 26,101 2
VOP. 9,53. 2
VOP. 7,56. 2
VOP. 26,111. 2
VOP. 25,8. 2
VOP. 26,58. 2
VOP. 26,58. 2
VOP. 26,144. 2
VOP. 23,50. 2
VOP. 18,8. 2
VOP. 26,104. 2
VOP. 3,134. 2
VOP. 8,50 2
VOP. 8,49. 2
VOP. 20,17. 2
VOP. 26,38. 2
VOP. 2,47. 2
VOP. 26,169. 2
VOP. 4,16. 2
VOP. 3,65. 2
VOP. 7,35. 2
VOP. 26,201. 2
VOP. 5,5 2
VOP. 9,46. 2
VOP. 26,55. 2
VOP. 26,5. 2
VOP. 9,38 2
VOP. 3,34. 2
VOP. 26,46. 2
VOP. 4,8. 2
VOP. 4,8. 2
VOP. 4,8. 2
VOP. 1,9. 2
VOP. 7,70. 2
VOP. 7,42. 2
VOP. 17,4. 2
VOP. 7,69. 2
VOP. 23,29. 2
VOP. 26,165. 2
VOP. 26,157. 2
VOP. 8,49 2
VOP. 15,102. 2
VOP. 26,166. 2
VOP. 26,15. 2
VOP. 6,87. 2
VOP. 8,70. 2
VOP. 18,22. 2
VOP. 24,13. 2
VOP. 20,17. 2
VOP. 23,3. 2
VOP. 6,22. 2
VOP. 23,14 2
VOP. 23,14. 2
VOP. 26,25. 2
VOP. 26,25. 2
VOP. 5,15. 2
VOP. 5,15. 2
VOP. 23,44 2
VOP. 24,12. 2
VOP. 20,5. 2
VOP. 19,7. 2
VOP. 23,43. 2
VOP. 9,29. 2
VOP. 24,6. 2
VOP. 7,14. 2
VOP. 25,11 2
VOP. 25,14. 2
VOP. 20,5. 2
VOP. 26,27. 2
VOP. 21,7. 2
VOP. 21,7. 2
VOP. 2,15. 2
VOP. 2,18. 2
VOP. 3,165. 2
VOP. 2,15. 2
VOP. 2,15. 2
VOP. 2,15. 2
VOP. 21,2. 2
VOP. 5,29. 2
VOP. 19,1. 2
VOP. 8,85. 2
VOP. 26,212. 2
VOP. 20,4. 2
VOP. 21,17. 2
VOP. 7,19. 2
VOP. 26,39. 2
VOP. 26,146. 2
VOP. 26,52. 2
VOP. 26,39. 2
VOP. 26,39. 2
VOP. 4,11. 2
VOP. 21,2. 2
VOP. 4,11. 2
VOP. 21,15. 2
VOP. 26,32. 2
VOP. 6,68. 2
VOP. 26,33. 2
VOP. 2,53. 2
VOP. 26,184. 2
VOP. 2,53. 2
VOP. 26,167. 2
VOP. 2,53. 2
VOP. 7,25. 2
VOP. 26,96. 2
VOP. 6,14. 2
VOP. 4,17. 2
VOP. 26,204. 2
VOP. 5,21. 2
VOP. 13,4. 2
VOP. 26,206. 2
VOP. 7,56. 2
VOP. 8,129. fgg. 2
VOP. 26,107. 2
VOP. 19,5. 2
VOP. 26,192. 2
VOP. 26,19. 2
VOP. 26,145. 2
VOP. 26,164. 2
VOP. 26,148. 2
VOP. 26,20. 2
VOP. 26,20. 2
VOP. 26,20. 2
VOP. 5,5. 2
VOP. 2,18. 2
VOP. 2,18. 2
VOP. 7,76. 2
VOP. 7,76. 2
VOP. 4,26. 2
VOP. 7,14. 2
VOP. 7,35. 2
VOP. 26,33. 2
VOP. 26,191. 2
VOP. 4,22. 2
VOP. 8,64. 2
VOP. 4,22. 2
VOP. 5,7. 2
VOP. 7,33. 2
VOP. 7,32. 2
VOP. 7,76. 2
VOP. 7,76. 2
VOP. 3,151. 2
VOP. 26,35. 2
VOP. 7,76. 2
VOP. 7,76. 2
VOP. 26,19. 2
VOP. 24,13. 2
VOP. 3,10. 2
VOP. 7,8. 2
VOP. 7,8. 2
VOP. 7,8. 2
VOP. 7,19. 2
VOP. 8,52. 2
VOP. 26,206. 2
VOP. 24,12. 2
VOP. 26,194. 2
VOP. 16,4 2
VOP. 16,3 2
VOP. 26,204 2
VOP. 5,6 2
VOP. 5,6. 2
VOP. 1,5. 2
VOP. 18,7. 2
VOP. 5,5. 2
VOP. 26,164. 2
VOP. 26,148. 2
VOP. 26,20. 2
VOP. 6,40. 2
VOP. 7,15. 2
VOP. 7,15. 2
VOP. 26,29. 2
VOP. 6,15. 2
VOP. 8,82. 2
VOP. 8,84. 2
VOP. 18,23. 2
VOP. 18,23. 2
VOP. 26,184. 2
VOP. 26,144. 2
VOP. 3,70. 2
VOP. 18,22. 2
VOP. 26,192. 2
VOP. 4,26. 2
VOP. 26,55. 2
VOP. 25,45. 2
VOP. 26,30. 2
VOP. 9,5 2
VOP. 26,133 2
VOP. 19,1. 2
VOP. 26,150. 2
VOP. 26,146. 2
VOP. 26,7. 2
VOP. 26,111. 2
VOP. 26,113. 2
VOP. 26,69. 2
VOP. 26,46. 2
VOP. 8,87. 2
VOP. 8,87. 2
VOP. 26,98. 2
VOP. 18,10. 2
VOP. 20,15. 2
VOP. 3,143. 2
VOP. 9,33. 2
VOP. 18,1. 2
VOP. 26,30. 2
VOP. 26,155. 2
VOP. 9,36. fgg. 2
VOP. 9,37. 2
VOP. 26,68. 2
VOP. 7,84. 2
VOP. 4,31. 2
VOP. 4,6. 2
VOP. 4,7. 2
VOP. 4,7. 2
VOP. 4,17. 2
VOP. 4,17. 2
VOP. 6,29. 2
VOP. 6,62. 2
VOP. 7,41. 2
VOP. 7,44. 2
VOP. 7,46. 2
VOP. 6,69. 2
VOP. 7,71. 2
VOP. 26,12. 2
VOP. 6,13. 2
VOP. 8,65 2
VOP. 24,6. 2
VOP. 18,22. 2
VOP. 8,66 2
VOP. 8,66. 2
VOP. 26,3. 2
VOP. 21,7. 2
VOP. 21,6. 2
VOP. 23,45. 2
VOP. 23,45. 2
VOP. 1,2. 2
VOP. 23,46. 2
VOP. 26,30. 2
VOP. 26,46. 2
VOP. 7,66. 2
VOP. 4,15. 2
VOP. 3,12. 2
VOP. 26,30. 2
VOP. 26,169. 2
VOP. 26,142. 2
VOP. 26,192. 2
VOP. 26,15. 2
VOP. 26,186. 2
VOP. 21,12. 2
VOP. 22,2. 2
VOP. 8,80. 2
VOP. 26,154. 2
VOP. 23,24. 2
VOP. 4,12. 2
VOP. 26,36. 2
VOP. 12,2. 2
VOP. 12,2. 2
VOP. 18,17. 2
VOP. 5,6. 2
VOP. 8,22. 2
VOP. 21,17. 2
VOP. 20,14 2
VOP. 8,128 2
VOP. 3,151. 2
VOP. 26,30. 2
VOP. 8,37. 2
VOP. 8,35 2
VOP. 21,8 2
VOP. 26,174. 2
VOP. 26,11. 2
VOP. 25,15 2
VOP. 21,13. 2
VOP. 2,37. 2
VOP. 26,192. 2
VOP. 7,111. 2
VOP. 5,7. 2
VOP. 17,1 2
VOP. 26,191. 2
VOP. 7,32. 2
VOP. 21,17. 2
VOP. 21,8. 2
VOP. 26,35. 2
VOP. 26,3. 2
VOP. 6,62. 2
VOP. 21,8. 2
VOP. 7,84. 2
VOP. 25,19. 2
VOP. 25,19. 2
VOP. 25,7. 2
VOP. 25,31. 2
VOP. 26,3. 2
VOP. 18,2. 2
VOP. 5,19. 2
VOP. 26,191. 2
VOP. 19,15. 2
VOP. 8,38. 2
VOP. 26,70. 2
VOP. 26,114. 2
VOP. 21,17. 2
VOP. 26,70. 2
VOP. 11,3. 2
VOP. 8,87. 2
VOP. 26,120. 2
VOP. 18,6. 2
VOP. 26,192. 2
VOP. 26,152. 2
VOP. 3,151. 2
VOP. 26,33. 2
VOP. 9,27. 2
VOP. 9,28. 2
VOP. 9,28. 2
VOP. 26,127. 2
VOP. 26,71. 2
VOP. 26,155. 2
VOP. 26,153. 2
VOP. 18,22. 2
VOP. 22,2 2
VOP. 11,7. 2
VOP. 20,8. 2
VOP. 23,55. 2
VOP. 26,129. 2
VOP. 26,192. 2
VOP. 7,35. 2
VOP. 26,51. 2
VOP. 26,165. 2
VOP. 26,29. 2
VOP. 26,77. 2
VOP. 26,7. 2
VOP. 20,8. 2
VOP. 20,2 2
VOP. 26,12. 2
VOP. 20,8. 2
VOP. 20,2 2
VOP. 8,107. 2
VOP. 108,7, v. l. 2
VOP. 8,103. 2
VOP. 26,165. 2
VOP. 26,164. 2
VOP. 26,16. 2
VOP. 8,52. 2
VOP. 8,38. 2
VOP. 11,2. 2
VOP. 26,210. 2
VOP. 18,22. 2
VOP. 26,129. 2
VOP. 26,191. 2
VOP. 3,38. 2
VOP. 3,76. 2
VOP. 6,63. 2
VOP. 7,85. 2
VOP. 26,147. 2
VOP. 26,190. 2
VOP. 26,153. 2
VOP. 26,188. 2
VOP. 26,167. 2
VOP. 4,8. 2
VOP. 25,8. 2
VOP. 25,13. 2
VOP. 6,41. 2
VOP. 26,12. 2
VOP. 3,65. 2
VOP. 7,78. 2
VOP. 8,73. 2
VOP. 25,16. 2
VOP. 5,6. 2
VOP. 18,17. 2
VOP. 23,1. 2
VOP. 5,20. 2
VOP. 23,1. 2
VOP. 26,20. 2
VOP. 26,157. 2
VOP. 26,143. 2
VOP. 5,26. 2
VOP. 18,3. 2
VOP. 15,5. 2
VOP. 5,1. 2
VOP. 26,71. 2
VOP. 19,14 2
VOP. 26,71. 2
VOP. 26,185. 2
VOP. 26,75. 2
VOP. 26,32. 2
VOP. 4,7. 2
VOP. 8,70 2
VOP. 23,58 2
VOP. 5,27. 2
VOP. 5,24. 2
VOP. 26,114. 2
VOP. 23,57. 2
VOP. 23,57. 2
VOP. 23,35. 2
VOP. 23,37 2
VOP. 5,13. 2
VOP. 23,37. 2
VOP. 5,13. 2
VOP. 4,17. 2
VOP. 7,30. 2
VOP. 21,2. 2
VOP. 4,7. 2
VOP. 26,217. 2
VOP. 26,184. 2
VOP. 11,2. 2
VOP. 7,58. 2
VOP. 7,58. 2
VOP. 7,58. 2
VOP. 7,7. 2
VOP. 18,23 2
VOP. 26,36. 2
VOP. 8,60. 2
VOP. 8,119. 2
VOP. 26,107. 2
VOP. 18,1. 2
VOP. 24,12. 2
VOP. 26,12. 2
VOP. 8,74. 2
VOP. 8,74. 2
VOP. 8,75. 2
VOP. 8,75 2
VOP. 7,96. 2
VOP. 7,96. 2
VOP. 7,94. 2
VOP. 3,54. 2
VOP. 7,99. 2
VOP. 7,111. 2
VOP. 7,109. 2
VOP. 6,62. 2
VOP. 7,101. 2
VOP. 7,102. 2
VOP. 7,19. 2
VOP. 7,81. 2
VOP. 15,1. 2
VOP. 26,212 2
VOP. 26,107. 2
VOP. 19,8. 2
VOP. 6,13. 2
VOP. 4,31. 2
VOP. 26,70. 2
VOP. 11,1. 2
VOP. 3,80. 2
VOP. 8,65. 2
VOP. 23,21. 2
VOP. 23,21. 2
VOP. 24,4. 2
VOP. 23,20. 2
VOP. 23,20. 2
VOP. 23,20. 2
VOP. 23,20. 2
VOP. 21,13. 2
VOP. 6,81. 2
VOP. 8,100. 2
VOP. 8,100 2
VOP. 19,2. 2
VOP. 3,80. 2
VOP. 25,7. 2
VOP. 13,4. 2
VOP. 13,4. 2
VOP. 5,25. 2
VOP. 13,4. 2
VOP. 26,205. 2
VOP. 14,2. 2
VOP. 14,2. 2
VOP. 7,101. 2
VOP. 7,22 2
VOP. 26,140. 2
VOP. 23,30. 2
VOP. 7,15. 2
VOP. 1,4. 2
VOP. 7,22. 2
VOP. 7,22. 2
VOP. 7,69. 2
VOP. 7,94. 2
VOP. 15,5. 2
VOP. 26,81. 2
VOP. 4,12 2
VOP. 7,78. 2
VOP. 26,55. 2
VOP. 26,20. 2
VOP. 9,53. 2
VOP. 13,4. 2
VOP. 26,61. 2
VOP. 26,61. 2
VOP. 26,64. 2
VOP. 3,109. 2
VOP. 7,43. 2
VOP. 26,191. 2
VOP. 26,75. 2
VOP. 7,43. 2
VOP. 21,17. 2
VOP. 7,43. 2
VOP. 7,56. 2
VOP. 26,161. 2
VOP. 8,132. 2
VOP. 7,29. 2
VOP. 5,7. 2
VOP. 7,78. 2
VOP. 4,12. 2
VOP. 7,15. 2
VOP. 26,192. 2
VOP. 7,111. 2
VOP. 26,9. 2
VOP. 7,47. 2
VOP. 8,67. 2
VOP. 8,52 2
VOP. 26,145. 2
VOP. 5,20 2
VOP. 26,98. 2
VOP. 26,12. 2
VOP. 7,40. 2
VOP. 7,40. 2
VOP. 7,93. 2
VOP. 6,54. 2
VOP. 6,29. 2
VOP. 7,47. 2
VOP. 7,45. 2
VOP. 6,53. 2
VOP. 6,20. 2
VOP. 6,53. 2
VOP. 7,71. 2
VOP. 8,67. 2
VOP. 7,45. 2
VOP. 7,45. 2
VOP. 6,57. 2
VOP. 3,9. 2
VOP. 21,17. 2
VOP. 8,124. 2
VOP. 26,113. 2
VOP. 18,2. 2
VOP. 26,192. 2
VOP. 8,133. 2
VOP. 3,164. 2
VOP. 8,71 2
VOP. 8,102. 2
VOP. 8,102. 2
VOP. 20,19. 2
VOP. 26,68. 2
VOP. 7,206. 2
VOP. 6,69. 2
VOP. 7,106. 2
VOP. 5,7. 2
VOP. 5,23. 2
VOP. 7,92. 2
VOP. 5,6. 2
VOP. 6,33. 2
VOP. 6,14. 2
VOP. 26,155. 2
VOP. 26,71. 2
VOP. 5,26. 2
VOP. 3,95. 2
VOP. 21,5. 2
VOP. 26,71 2
VOP. 3,149 2
VOP. 21,5. 2
VOP. 8,103 2
VOP. 3,39 2
VOP. 1,4. 2
VOP. 26,153. 2
VOP. 26,114. 2
VOP. 23,58 2
VOP. 3,143. 2
VOP. 16,5. 2
VOP. 18,2. 2
VOP. 19,7. 2
VOP. 26,164. 2
VOP. 26,171. 2
VOP. 26,26. 2
VOP. 13,4. 2
VOP. 26,134. 2
VOP. 24,5 2
VOP. 5,5. 2
VOP. 23,38. 2
VOP. 5,5. 2
VOP. 23,38. 2
VOP. 23,57. 2
VOP. 23,14 2
VOP. 7,59. 2
VOP. 8,71. 2
VOP. 26,36. 2
VOP. 2,9. 2
VOP. 2,9. 2
VOP. 7,93. 2
VOP. 26,114 2
VOP. 8,80 2
VOP. 10,11 2
VOP. 26,133 2
VOP. 20,4. 2
VOP. 23,2. 2
VOP. 5,20. 2
VOP. 23,2. 2
VOP. 26,126. 2
VOP. 26,126. 2
VOP. 26,125. 2
VOP. 26,125. 2
VOP. 11,3. 2
VOP. 11,3. 2
VOP. 26,119. 2
VOP. 11,3. 2
VOP. 8,119. 2
VOP. 8,85. 2
VOP. 7,111. 2
VOP. 5,26. 2
VOP. 5,1. 2
VOP. 26,12. 2
VOP. 4,14. 2
VOP. 26,37. 2
VOP. 5,29. 2
VOP. 5,26. 2
VOP. 6,8. 2
VOP. 26,149 2
VOP. 26,36. 2
VOP. 26,135. 2
VOP. 5,15. 2
VOP. 26,189. 2
VOP. 26,71. 2
VOP. 3,151, v. l. 2
VOP. 3,151. 2
VOP. 11,1 2
VOP. 26,132. 2
VOP. 26,207 2
VOP. 5,8. 2
VOP. 20,17. 2
VOP. 6,62 2
VOP. 6,62. 2
VOP. 4,2. 2
VOP. 11,6. 2
VOP. 3,59. 2
VOP. 26,107. 2
VOP. 18,3. 2
VOP. 26,158. 2
VOP. 7,56. 2
VOP. 7,56. 2
VOP. 6,46. 2
VOP. 26,96. 2
VOP. 7,90. 2
VOP. 21,10. 2
VOP. 26,197. 2
VOP. 6,13. 2
VOP. 6,27. 2
VOP. 26,199. 2
VOP. 26,199. 2
VOP. 26,173, v. l. 2
VOP. 26,173. 2
VOP. 26,199. 2
VOP. 26,199. 2
VOP. 18,20. 2
VOP. 18,21. 2
VOP. 8,22 2
VOP. 26,197. 2
VOP. 26,198. 2
VOP. 6,26. 2
VOP. 6,25. 2
VOP. 9,46 2
VOP. 5,6. 2
VOP. 3,100. 2
VOP. 6,13. 2
VOP. 26,19. 2
VOP. 5,22. 2
VOP. 7,56. 2
VOP. 7,56. 2
VOP. 5,22. 2
VOP. 26,63, v. l. 2
VOP. 26,63, v. l. 2
VOP. 26,166. 2
VOP. 26,48. 2
VOP. 3,134. 2
VOP. 26,5. 2
VOP. 7,86. 2
VOP. 26,29. 2
VOP. 25,9. 2
VOP. 7,98. 2
VOP. 7,98 2
VOP. 26,79. 2
VOP. 26,43. 2
VOP. 26,48. 2
VOP. 3,134. 2
VOP. 7,63. 2
VOP. 26,192 2
VOP. 7,27. 2
VOP. 3,151 2
VOP. 26,19. 2
VOP. 8,120 2
VOP. 8,119. 2
VOP. 26,207 2
VOP. 26,105. 2
VOP. 19,1. 2
VOP. 26,41. 2
VOP. 4,17. 2
VOP. 26,164, v. l. 2
VOP. 9,32 2
VOP. 9,33 2
VOP. 9,33 2
VOP. 26,107. 2
VOP. 19,8. 2
VOP. 22,2. 2
VOP. 19,15. 2
VOP. 5,15. 2
VOP. 3,101. 2
VOP. 26,71. 2
VOP. 26,55. 2
VOP. 6,35. 2
VOP. 4,7 2
VOP. 7,47. 2
VOP. 7,92. 2
VOP. 7,89. 2
VOP. 7,47. 2
VOP. 7,43. 2
VOP. 7,89. 2
VOP. 26,155. 2
VOP. 14,1. 2
VOP. 26,33. 2
VOP. 6,53. 2
VOP. 6,85. 2
VOP. 7,87. 2
VOP. 1,17. 2
VOP. 7,69. 2
VOP. 9,46. 2
VOP. 7,71. 2
VOP. 6,70. 2
VOP. 7,45. 2
VOP. 7,45. 2
VOP. 7,11. 2
VOP. 5,34. 2
VOP. 3,169. 2
VOP. 26,60. 2
VOP. 21,5. 2
VOP. 8,70 2
VOP. 8,87 2
VOP. 20,15. 2
VOP. 5,15. 2
VOP. 19,7. 2
VOP. 26,171. 2
VOP. 21,9. 2
VOP. 6,28. 2
VOP. 21,9. 2
VOP. 26,111. 2
VOP. 26,104 2
VOP. 5,373. 2
VOP. 13,5473 2
VOP. 26,169. 2
VOP. 8,25 2
VOP. 10,12 2
VOP. 26,122 2
VOP. 5,26. 2
VOP. 5,20. 2
VOP. 21,17. 2
VOP. 8,86 2
VOP. 26,124. 2
VOP. 23,58 2
VOP. 5,5. 2
VOP. 26,37. 2
VOP. 26,11. 2
VOP. 26,11. 2
VOP. 26,35. 2
VOP. 26,191. 2
VOP. 26,191. 2
VOP. 26,191. 2
VOP. 26,149. 2
VOP. 7,21. 2
VOP. 5,7. 2
VOP. 9,44. fgg. 2
VOP. 26,73. 2
VOP. 4,13. 2
VOP. 6,73. 2
VOP. 6,73 2
VOP. 18,12. 2
VOP. 18,16. 2
VOP. 18,12. 2
VOP. 21,11. 2
VOP. 7,21. 2
VOP. 26,161. 2
VOP. 26,145. 2
VOP. 6,8. 2
VOP. 26,25. 2
VOP. 26,25. 2
VOP. 26,25. 2
VOP. 4,6. 2
VOP. 26,130. 2
VOP. 6,14. 2
VOP. 20,7. 2
VOP. 21,17. 2
VOP. 26,111. 2
VOP. 18,1. 2
VOP. 19,3. 2
VOP. 6,9 2
VOP. 6,36. 2
VOP. 8,43. 2
VOP. 26,55. 2
VOP. 26,33 2
VOP. 26,62. 2
VOP. 26,63. 2
VOP. 26,63. 2
VOP. 6,9. 2
VOP. 8,43 2
VOP. 8,52. 2
VOP. 6,85. 2
VOP. 6,68. 2
VOP. 26,220. 2
VOP. 26,68. 2
VOP. 3,65. 2
VOP. 8,43. 2
VOP. 26,29. 2
VOP. 26,165. 2
VOP. 3,65 2
VOP. 3,5. 2
VOP. 8,119. 2
VOP. 24,12 2
VOP. 8,71. 2
VOP. 8,71. 2
VOP. 24,12. 2
VOP. 18,23 2
VOP. 5,16 2
VOP. 21,13. 2
VOP. 26,158. 2
VOP. 26,36. 2
VOP. 3,67. 2
VOP. 2,35. 2
VOP. 11,2 2
VOP. 23,58. 2
VOP. 19,2. 2
VOP. 20,11. 2
VOP. 26,38. 2
VOP. 26,38. 2
VOP. 11,1. 2
VOP. 8,43. 2
VOP. 11,5. 2
VOP. 11,5. 2
VOP. 26,207 2
VOP. 22,2 2
VOP. 11,5 2
VOP. 3,149. 2
VOP. 26,33, v. l. 2
VOP. 26,157. 2
VOP. 11,7 2
VOP. 21,17. 2
VOP. 4,26 2
VOP. 4,26 2
VOP. 7,15. 2
VOP. 7,8. 2
VOP. 7,8. 2
VOP. 7,8. 2
VOP. 26,54. 2
VOP. 26,54. 2
VOP. 23,7. 2
VOP. 8,43. 2
VOP. 26,48. 2
VOP. 7,15. 2
VOP. 5,10. 2
VOP. 6,9. 2
VOP. 6,23. 2
VOP. 25,15. 2
VOP. 26,36. 2
VOP. 4,26. 2
VOP. 21,2. 2
VOP. 26,54. 2
VOP. 26,54. 2
VOP. 5,7. 2
VOP. 26,174. 2
VOP. 26,11. 2
VOP. 10,8. 2
VOP. 2,5. 2
VOP. 25,9 2
VOP. 25,10 2
VOP. 8,22 2
VOP. 8,22 2
VOP. 26,186. 2
VOP. 11,3, v. l. 2
VOP. 26,11. 2
VOP. 6,8. 2
VOP. 26,160. 2
VOP. 5,29. 2
VOP. 25,22. 2
VOP. 26,219. 2
VOP. 26,10 2
VOP. 26,10. 2
VOP. 2,28. 2
VOP. 26,142. 2
VOP. 3,38. 2
VOP. 19,11. 2
VOP. 7,96. 2
VOP. 8,75. 2
VOP. 26,101. 2
VOP. 26,101 2
VOP. 26,171. 2
VOP. 15,5. 2
VOP. 8,128 2
VOP. 18,22 2
VOP. 18,22. 2
VOP. 6,86. 2
VOP. 6,80. 2
VOP. 26,186. 2
VOP. 26,201. 2
VOP. 7,90. 2
VOP. 25,31. 2
VOP. 7,91. 2
VOP. 6,86. 2
VOP. 23,35. 2
VOP. 5,6. 2
VOP. 23,28 2
VOP. 5,5. 2
VOP. 5,26. 2
VOP. 23,28 2
VOP. 23,8. 2
VOP. 23,28. 2
VOP. 23,29 2
VOP. 23,28. 2
VOP. 23,28. 2
VOP. 19,14. 2
VOP. 23,1. 2
VOP. 26,98. 2
VOP. 26,68. 2
VOP. 25,1. 2
VOP. 26,68. 2
VOP. 6,30. 2
VOP. 21,16. 2
VOP. 7,56. 2
VOP. 7,56. 2
VOP. 3,9. 2
VOP. 3,12. 2
VOP. 25,12. 2
VOP. 3,82. 2
VOP. 26,99. 2
VOP. 3,30 2
VOP. 6,9 2
VOP. 26,144. 2
VOP. 26,33. 2
VOP. 3,152 2
VOP. 26,20. 2
VOP. 26,20. 2
VOP. 24,11. 2
VOP. 26,55. 2
VOP. 26,192. 2
VOP. 26,24. 2
VOP. 6,54 2
VOP. 6,85. 2
VOP. 6,22. 2
VOP. 26,30 2
VOP. 26,16. 2
VOP. 6,78. 2
VOP. 8,125 2
VOP. 26,107. 2
VOP. 20,7. 2
VOP. 2,13. 2
VOP. 8,22. 2
VOP. 26,30. 2
VOP. 26,61. 2
VOP. 26,61. 2
VOP. 2,13. 2
VOP. 26,148. 2
VOP. 26,30. 2
VOP. 3,53. 2
VOP. 26,60. 2
VOP. 4,26. 2
VOP. 26,190, v. l. 2
VOP. 4,26. 2
VOP. 8,116 2
VOP. 11,7 2
VOP. 20,7. 2
VOP. 2,20. 2
VOP. 26,179. 2
VOP. 18,18. 2
VOP. 7,85. 2
VOP. 7,85. 2
VOP. 7,86. 2
VOP. 7,88. 2
VOP. 4,17. 2
VOP. 5,20. 2
VOP. 15,5. 2
VOP. 7,15. 2
VOP. 6,8. 2
VOP. 4,27. 2
VOP. 6,87. 2
VOP. 6,23. 2
VOP. 8,110. 2
VOP. 21,7. 2
VOP. 21,7. 2
VOP. 26,182. 2
VOP. 10,4 2
VOP. 10,5. 2
VOP. 5,25 2
VOP. 26,144. 2
VOP. 26,144. 2
VOP. 3,9. 2
VOP. 3,37. 2
VOP. 3,12. 2
VOP. 2,45. 2
VOP. 6,47. 2
VOP. 6,34. 2
VOP. 6,37. 2
VOP. 8,53. 2
VOP. 7,104. 2
VOP. 1,8. 2
VOP. 5,20 2
VOP. 7,110. 2
VOP. 5,31. 2
VOP. 1,8. 2
VOP. 5,7. 2
VOP. 5,7. 2
VOP. 5,7. 2
VOP. 5,7. 2
VOP. 5,21. 2
VOP. 5,21. 2
VOP. 26,101. 2
VOP. 26,11. 2
VOP. 5,7. 2
VOP. 26,78. 2
VOP. 26,144. 2
VOP. 3,134. 2
VOP. 26,111. 2
VOP. 7,59 2
VOP. 26,188. 2
VOP. 26,78. 2
VOP. 7,110. 2
VOP. 7,111. 2
VOP. 7,110. 2
VOP. 6,65. 2
VOP. 6,61. 2
VOP. 4,27 2
VOP. 26,62. 2
VOP. 26,63. 2
VOP. 26,169. 2
VOP. 8,70 2
VOP. 23,14. 2
VOP. 20,8. 2
VOP. 7,110. 2
VOP. 5,23 2
VOP. 6,61. 2
VOP. 3,132. 2
VOP. 8,70. 2
VOP. 8,25 2
VOP. 8,85 2
VOP. 26,212 2
VOP. 18,7. 2
VOP. 5,12. 2
VOP. 20,4. 2
VOP. 26,212. 2
VOP. 25,24. 2
VOP. 7,90. 2
VOP. 7,75. 2
VOP. 26,8. 2
VOP. 6,34. 2
VOP. 6,14. 2
VOP. 7,24. 2
VOP. 26,9. 2
VOP. 26,30. 2
VOP. 26,30. 2
VOP. 8,62. 2
VOP. 15,5. 2
VOP. 7,15. 2
VOP. 26,54. 2
VOP. 26,54. 2
VOP. 7,6. 2
VOP. 4,16 2
VOP. 6,84. 2
VOP. 26,146. 2
VOP. 6,53. 2
VOP. 26,170. 2
VOP. 7,69. 2
VOP. 26,27. 2
VOP. 26,146. 2
VOP. 26,46. 2
VOP. 26,154. 2
VOP. 21,10, v. l. 2
VOP. 4,3. 2
VOP. 4,3. 2
VOP. 26,11. 2
VOP. 26,35. 2
VOP. 18,11. 2
VOP. 7,65. 2
VOP. 4,15. 2
VOP. 6,45. 2
VOP. 6,5. 2
VOP. 7,20. 2
VOP. 3,171. 2
VOP. 3,151. 2
VOP. 3,151. 2
VOP. 8,118. 2
VOP. 8,117. 2
VOP. 26,116. 2
VOP. 8,118. 2
VOP. 26,117. 2
VOP. 6,7. 2
VOP. 18,3. 2
VOP. 26,192. 2
VOP. 3,94 2
VOP. 7,78. 2
VOP. 3,70 2
VOP. 2,33. 2
VOP. 2,33. 2
VOP. 6,46. 2
VOP. 4,7. 2
VOP. 21,1. 2
VOP. 21,18. 2
VOP. 3,154. 2
VOP. 2,33. 2
VOP. 3,126. 2
VOP. 6,69. 2
VOP. 26,60. 2
VOP. 7,108. 2
VOP. 8,21. 2
VOP. 26,47. 2
VOP. 25,3. 2
VOP. 3,155. 2
VOP. 6,56 2
VOP. 26,65. 2
VOP. 18,17. 2
VOP. 3,143. 2
VOP. 26,20. 2
VOP. 4,15 2
VOP. 26,53. 2
VOP. 16,2. 2
VOP. 26,95 2
VOP. 26,103. fg. 2
VOP. 19,7. 2
VOP. 19,14. 2
VOP. 7,42. 2
VOP. 26,131. 2
VOP. 3,143. 2
VOP. 26,192. 2
VOP. 4,25. 2
VOP. 4,25. 2
VOP. 5,6. 2
VOP. 6,87. 2
VOP. 7,36. 2
VOP. 6,12. 2
VOP. 26,184. 2
VOP. 5,21. 2
VOP. 5,23. 2
VOP. 6,16. 2
VOP. 6,46. 2
VOP. 6,43. 2
VOP. 6,38. fg. 2
VOP. 7,105. 2
VOP. 7,103. 2
VOP. 4,16 2
VOP. 5,10. 2
VOP. 3,41. 2
VOP. 10,9. 2
VOP. 7,59. 2
VOP. 7,59. 2
VOP. 26,156. 2
VOP. 23,7. 2
VOP. 3,65. 2
VOP. 7,12. 2
VOP. 7,16. 2
VOP. 20,1. 2
VOP. 6,68. 2
VOP. 4,2. 2
VOP. 7,15. 2
VOP. 11,7, v. l. 2
VOP. 1,8. 2
VOP. 26,4. 2
VOP. 26,4. 2
VOP. 26,212. 2
VOP. 23,8. 2
VOP. 26,183. 2
VOP. 1,16. 2
VOP. 26,4. 2
VOP. 18,17. 2
VOP. 9,11. 2
VOP. 26,4. 2
VOP. 26,4. 2
VOP. 26,4. 2
VOP. 26,15. 2
VOP. 26,20, v. l. 2
VOP. 26,171. 2
VOP. 5,6. 2
VOP. 23,1. 2
VOP. 23,14. 2
VOP. 26,142. 2
VOP. 6,26 2
VOP. 6,26. 2
VOP. 26,11. 2
VOP. 23,52. 2
VOP. 1,8. 2
VOP. 5,21. 2
VOP. 5,7. 2
VOP. 5,21. 2
VOP. 5,7. 2
VOP. 26,19. 2
VOP. 23,8. 2
VOP. 23,44. 2
VOP. 5,21. 2
VOP. 5,21. 2
VOP. 5,29. 2
VOP. 6,76. 2
VOP. 6,61. 2
VOP. 6,76. 2
VOP. 6,65. 2
VOP. 4,12 2
VOP. 6,82. 2
VOP. 18,2. 2
VOP. 3,12. 2
VOP. 3,96. 2
VOP. 26,4. 2
VOP. 26,29. 2
VOP. 11,7, v. l. 2
VOP. 26,4. 2
VOP. 26,101. 2
VOP. 5,1. 2
VOP. 26,4. 2
VOP. 26,4. 2
VOP. 26,168. 2
VOP. 5,21. 2
VOP. 5,7. 2
VOP. 26,156. 2
VOP. 26,193. 2
VOP. 5,20. 2
VOP. 26,4. 2
VOP. 26,4. 2
VOP. 25,30. 2
VOP. 26,219. 2
VOP. 8,33. 2
VOP. 26,10. 2
VOP. 2,4. 2
VOP. 26,173. 2
VOP. 23,39. 2
VOP. 2,4. 2
VOP. 26,41. 2
VOP. 26,9. 2
VOP. 26,171 2
VOP. 26,4 2
VOP. 26,4. 2
VOP. 26,189. 2
VOP. 7,57. fg. 2
VOP. 26,180. 2
VOP. 21,14. 2
VOP. 26,174. 2
VOP. 26,64. 2
VOP. 23,2. 2
VOP. 26,100. 2
VOP. 9,11, v. l. 2
VOP. 26,183. 2
VOP. 26,33. 2
VOP. 26,170. 2
VOP. 4,15. 2
VOP. 26,71. 2
VOP. 7,32. fg. 2
VOP. 3,146. 2
VOP. 7,104. 2
VOP. 3,131. 2
VOP. 25,18. 2
VOP. 26,69. 2
VOP. 7,90. 2
VOP. 6,58 2
VOP. 9,24. 2
VOP. 6,61. 2
VOP. 6,83. 2
VOP. 15,5. 2
VOP. 4,15. 2
VOP. 6,70. 2
VOP. 25,22. 2
VOP. 2,4. 2
VOP. 2,9. 2
VOP. 2,4. 2
VOP. 26,170. 2
VOP. 7,51. 2
VOP. 26,32. 2
VOP. 7,56. 2
VOP. 7,56. 2
VOP. 26,57. 2
VOP. 26,58. 2
VOP. 26,58. 2
VOP. 26,62. 2
VOP. 26,63. 2
VOP. 26,63. 2
VOP. 7,91. 2
VOP. 18,12. 2
VOP. 18,12. 2
VOP. 22,2. 2
VOP. 19,15. 2
VOP. 2,4. 2
VOP. 26,4. 2
VOP. 18,1. 2
VOP. 2,12. 2
VOP. 2,12. 2
VOP. 2,4. 2
VOP. 2,12. 2
VOP. 2,12. 2
VOP. 2,4. 2
VOP. 2,4. 2
VOP. 2,11. 2
VOP. 2,11. 2
VOP. 2,11. 2
VOP. 26,61. 2
VOP. 26,61. 2
VOP. 19,15. 2
VOP. 9,6. 2
VOP. 9,5 2
VOP. 18,24. 2
VOP. 20,10. 2
VOP. 2,47. 2
VOP. 7,80. 2
VOP. 4,15. 2
VOP. 6,43. 2
VOP. 23,58. 2
VOP. 7,32. fg. 2
VOP. 26,48. 2
VOP. 26,111. 2
VOP. 26,183. 2
VOP. 26,101. 2
VOP. 21,11. 2
VOP. 7,32. fg. 2
VOP. 7,56. 2
VOP. 7,56. 2
VOP. 7,35. 2
VOP. 7,32. fg. 2
VOP. 8,127. 2
VOP. 7,7 2
VOP. 7,7. 2
VOP. 7,32. fg. 2
VOP. 5,6. 2
VOP. 6,24. 2
VOP. 5,21. 2
VOP. 4,28. 2
VOP. 7,64 2
VOP. 7,42. 2
VOP. 7,9. 2
VOP. 7,109. 2
VOP. 6,14. 2
VOP. 26,69. 2
VOP. 4,4. 2
VOP. 4,5. 2
VOP. 26,220. 2
VOP. 7,68. 2
VOP. 6,75. 2
VOP. 6,75. 2
VOP. 26,111. 2
VOP. 7,56. 2
VOP. 26,2. 2
VOP. 26,2. 2
VOP. 7,7. 2
VOP. 4,28. 2
VOP. 6,13. 2
VOP. 6,33. 2
VOP. 7,16. 2
VOP. 7,1. 2
VOP. 6,33. 2
VOP. 7,16. 2
VOP. 26,20. 2
VOP. 1,17 2
VOP. 7,89. 2
VOP. 25,1. 2
VOP. 26,183. 2
VOP. 22,2. 2
VOP. 5,5. 2
VOP. 3,132. 2
VOP. 6,44. 2
VOP. 26,220. 2
VOP. 26,23. 2
VOP. 26,21. 2
VOP. 6,78. 2
VOP. 4,23. 2
VOP. 26,21. 2
VOP. 7,13. 2
VOP. 7,24. 2
VOP. 9,54. fgg. 2
VOP. 9,53. 2
VOP. 5,6. 2
VOP. 24,12. 2
VOP. 5,11. 2
VOP. 23,31. 2
VOP. 6,1. 2
VOP. 5,5. 2
VOP. 26,60. 2
VOP. 3,149. 2
VOP. 3,149. 2
VOP. 2,49. fg. 2
VOP. 26,151. 2
VOP. 26,132 2
VOP. 23,18 2
VOP. 26,12. 2
VOP. 26,207 2
VOP. 24,7. 2
VOP. 20,8. 2
VOP. 18,3. 2
VOP. 7,91. 2
VOP. 26,57. 2
VOP. 25,1. 2
VOP. 4,27. 2
VOP. 4,27. 2
VOP. 5,7. 2
VOP. 26,36. 2
VOP. 25,1. 2
VOP. 26,83. fg. 2
VOP. 26,83. fg. 2
VOP. 26,83. fg. 2
VOP. 4,23. 2
VOP. 26,3. 2
VOP. 26,142. 2
VOP. 26,3. 2
VOP. 4,7. 2
VOP. 4,15. 2
VOP. 4,7. 2
VOP. 2,45. 2
VOP. 2,45. 2
VOP. 8,132. 2
VOP. 26,12. 2
VOP. 4,26. 2
VOP. 7,11. 2
VOP. 4,12. 2
VOP. 7,14. 2
VOP. 26,36. 2
VOP. 26,1. 2
VOP. 6,9. 2
VOP. 26,146. 2
VOP. 26,6. 2
VOP. 18,3. 2
VOP. 26,151. 2
VOP. 2,45. 2
VOP. 26,156. 2
VOP. 26,147. 2
VOP. 26,159. 2
VOP. 26,101. 2
VOP. 24,8. 2
VOP. 6,2. 2
VOP. 20,22. 2
VOP. 26,192. 2
VOP. 26,152. 2
VOP. 26,20. 2
VOP. 9,31. 2
VOP. 10,3. 2
VOP. 5,20. 2
VOP. 18,19. 2
VOP. 18,18. 2
VOP. 18,18. 2
VOP. 5,20. 2
VOP. 26,163. 2
VOP. 26,163. 2
VOP. 26,192. 2
VOP. 26,130. 2
VOP. 23,49. 2
VOP. 22,2 2
VOP. 5,5 2
VOP. 26,61. 2
VOP. 9,23. 2
VOP. 5,7. 2
VOP. 7,81. fgg. 2
VOP. 8,56. 2
VOP. 25,1. 2
VOP. 8,17 2
VOP. 19,5. 2
VOP. 19,14. 2
VOP. 20,17. 2
VOP. 21,10. 2
VOP. 8,22. 2
VOP. 8,33. 2
VOP. 8,22. 2
VOP. 3,50. 2
VOP. 6,12. 2
VOP. 7,66. 2
VOP. 26,183. 2
VOP. 6,84. fg. 2
VOP. 7,62 2
VOP. 8,54. 2
VOP. 7,62 2
VOP. 7,62 2
VOP. 26,69. 2
VOP. 7,68. 2
VOP. 26,32. 2
VOP. 3,103. 2
VOP. 4,12. 2
VOP. 26,143. 2
VOP. 7,14 2
VOP. 3,136. 2
VOP. 8,132. 2
VOP. 7,59. 2
VOP. 21,8. 2
VOP. 21,8. 2
VOP. 3,9. 2
VOP. 5,10. 2
VOP. 5,9. 2
VOP. 5,28. 2
VOP. 7,19. 2
VOP. 26,10. 2
VOP. 26,10. 2
VOP. 5,6. 2
VOP. 3,149. 2
VOP. 5,20. 2
VOP. 20,7. 2
VOP. 19,8. 2
VOP. 3,77. fg. 2
VOP. 8,52. 2
VOP. 18,3. 2
VOP. 26,142. 2
VOP. 3,65. 2
VOP. 8,67. 2
VOP. 8,127. 2
VOP. 18,3. 2
VOP. 18,3. 2
VOP. 3,80. fgg. 2
VOP. 8,67. 2
VOP. 8,127. 2
VOP. 4,15. 2
VOP. 26,165. 2
VOP. 7,54. 2
VOP. 4,12. 2
VOP. 8,40. 2
VOP. 5,6. 2
VOP. 3,119. fgg. 2
VOP. 5,2. 2
VOP. 5,20 2
VOP. 5,20. 2
VOP. 26,166. 2
VOP. 26,15. 2
VOP. 6,61. 2
VOP. 26,58. 2
VOP. 26,58. 2
VOP. 7,91. 2
VOP. 7,32. fg. 2
VOP. 26,29. 2
VOP. 15,5. 2
VOP. 7,111. 2
VOP. 5,19. 2
VOP. 25,12. 2
VOP. 5,19. 2
VOP. 15,5. 2
VOP. 6,72. 2
VOP. 8,21. 2
VOP. 6,62. 2
VOP. 4,25. 2
VOP. 4,26. 2
VOP. 7,84. 2
VOP. 2,13. 2
VOP. 6,13. 2
VOP. 5,6. 2
VOP. 23,10 2
VOP. 6,27. 2
VOP. 26,52. 2
VOP. 26,186. 2
VOP. 7,72. 2
VOP. 26,171. 2
VOP. 13,7. 2
VOP. 13,7. 2
VOP. 13,7. 2
VOP. 13,7. 2
VOP. 7,32. fg. 2
VOP. 20,22 2
VOP. 21,17. 2
VOP. 21,17. 2
VOP. 26,204. 2
VOP. 26,204. 2
VOP. 26,205. 2
VOP. 26,104. 2
VOP. 25,11. fgg. 2
VOP. 26,104. 2
VOP. 22,1. 2
VOP. 26,199. 2
VOP. 26,199. 2
VOP. 26,48. 2
VOP. 6,10. 2
VOP. 6,10. 2
VOP. 6,10. 2
VOP. 6,45. 2
VOP. 6,69. 2
VOP. 25,17. 2
VOP. 6,44. 2
VOP. 6,37. 2
VOP. 6,10. 2
VOP. 6,10. 2
VOP. 21,13. 2
VOP. 6,41. 2
VOP. 25,27. 2
VOP. 25,27. 2
VOP. 25,27. 2
VOP. 25,26. 2
VOP. 26,216. 2
VOP. 26,216. 2
VOP. 6,72. 2
VOP. 6,72. 2
VOP. 7,32. fg. 2
VOP. 6,72. 2
VOP. 6,72. 2
VOP. 7,19. 2
VOP. 3,65. 2
VOP. 6,5. 2
VOP. 4,24. 2
VOP. 4,24. 2
VOP. 4,24. 2
VOP. 7,92. 2
VOP. 7,83. 2
VOP. 7,15. 2
VOP. 7,7. 2
VOP. 26,171. 2
VOP. 26,55. 2
VOP. 7,32. fg. 2
VOP. 6,14. 2
VOP. 7,22. 2
VOP. 7,22. 2
VOP. 7,29. 2
VOP. 18,22. 2
VOP. 26,19. 2
VOP. 23,22. 2
VOP. 3,39 2
VOP. 7,39. 2
VOP. 12,1. 2
VOP. 26,212. 2
VOP. 26,212. 2
VOP. 26,119. 2
VOP. 26,55. 2
VOP. 26,69. 2
VOP. 26,72. 2
VOP. 23,54. 2
VOP. 26,109. 2
VOP. 8,80. 2
VOP. 26,135. 2
VOP. 18,3. 2
VOP. 4,17. 2
VOP. 6,16. 2
VOP. 11,4. 2
VOP. 13,1. 2
VOP. 19,13. 2
VOP. 19,13. 2
VOP. 26,20. 2
VOP. 26,53. 2
VOP. 6,14. 2
VOP. 26,76. 2
VOP. 5,26. 2
VOP. 2,1. 2
VOP. 5,6 2
VOP. 5,6. 2
VOP. 19,16. 2
VOP. 6,33. 2
VOP. 26,54. 2
VOP. 26,54. 2
VOP. 6,33. 2
VOP. 23,58. 2
VOP. 3,101. 2
VOP. 26,75. 2
VOP. 26,88. fg. 2
VOP. 26,88. fg. 2
VOP. 4,17. 2
VOP. 7,15. 2
VOP. 1,4 2
VOP. 4,15. 2
VOP. 4,15. 2
VOP. 6,30. 2
VOP. 26,19. 2
VOP. 4,23. 2
VOP. 4,23. 2
VOP. 4,16. 2
VOP. 7,59. 2
VOP. 26,22. 2
VOP. 26,57. 2
VOP. 26,151. 2
VOP. 26,7. 2
VOP. 4,1. 2
VOP. 7,29. 2
VOP. 7,32. fg. 2
VOP. 23,11. 2
VOP. 18,2. 2
VOP. 7,59. 2
VOP. 26,184. 2
VOP. 26,144. 2
VOP. 26,111. 2
VOP. 8,52. 2
VOP. 6,73 2
VOP. 25,32. 2
VOP. 2,19. 2
VOP. 23,14. 2
VOP. 2,19. 2
VOP. 4,21. 2
VOP. 23,16. 2
VOP. 23,25. 2
VOP. 6,71. 2
VOP. 21,11. 2
VOP. 4,6. 2
VOP. 8,133 2
VOP. 23,58 2
VOP. 7,25. 2
VOP. 26,180. 2
VOP. 23,51. 2
VOP. 7,15. 2
VOP. 26,12. 2
VOP. 5,6. 2
VOP. 7,85. 2
VOP. 7,96. 2
VOP. 7,96. 2
VOP. 5,20. 2
VOP. 7,94. 2
VOP. 3,54. 2
VOP. 26,180. 2
VOP. 26,12. 2
VOP. 25,14. 2
VOP. 6,61. 2
VOP. 24,13. 2
VOP. 25,14. 2
VOP. 6,62. 2
VOP. 7,101 2
VOP. 25,13. 2
VOP. 25,15. 2
VOP. 25,13. 2
VOP. 8,70. 2
VOP. 23,19. 2
VOP. 23,17. 2
VOP. 23,17. 2
VOP. 23,19. 2
VOP. 23,58. 2
VOP. 23,58. 2
VOP. 23,58. 2
VOP. 26,170. 2
VOP. 26,15. 2
VOP. 7,101. 2
VOP. 3,58. fg. 2
VOP. 4,26. 2
VOP. 4,26. 2
VOP. 7,56. 2
VOP. 7,56. 2
VOP. 26,47. 2
VOP. 7,28. 2
VOP. 23,58. 2
VOP. 7,14. 2
VOP. 26,130. 2
VOP. 26,200. 2
VOP. 2,11. 2
VOP. 5,6 2
VOP. 24,13. 2
VOP. 26,180. 2
VOP. 23,58. 2
VOP. 5,5. 2
VOP. 26,11. 2
VOP. 3,65. 2
VOP. 7,90. 2
VOP. 21,5. 2
VOP. 26,170. 2
VOP. 26,153. 2
VOP. 26,156. 2
VOP. 7,69. 2
VOP. 6,61. 2
VOP. 7,42. 2
VOP. 7,94. 2
VOP. 25,3. 2
VOP. 26,7 2
VOP. 7,15. 2
VOP. 8,60. 2
VOP. 9,11. 2
VOP. 19,8. 2
VOP. 6,53. 2
VOP. 6,61. 2
VOP. 26,20. 2
VOP. 3,143. 2
VOP. 23,51. 2
VOP. 23,51. 2
VOP. 23,51. 2
VOP. 23,51.) 6,5,11,1. 2
VOP. 8,56. 2
VOP. 3,133. fg. 2
VOP. 22,2. 2
VOP. 3,117. 2
VOP. 4,27. 2
VOP. 26,185. 2
VOP. 3,39. 2
VOP. 5,7. 2
VOP. 26,68. 2
VOP. 2,25. 2
VOP. 3,9 2
VOP. 6,61. 2
VOP. 8,97. 2
VOP. 25,17. 2
VOP. 26,68. 2
VOP. 7,19. 2
VOP. 7,22. 2
VOP. 7,22. 2
VOP. 8,73. 2
VOP. 3,136. 2
VOP. 26,180. 2
VOP. 8,133. 2
VOP. 24,9. 2
VOP. 8,133. 2
VOP. 26,38. 2
VOP. 5,32. 2
VOP. 26,38. 2
VOP. 26,68. 2
VOP. 7,32. 2
VOP. 7,33. 2
VOP. 7,84. 2
VOP. 26,48. 2
VOP. 4,29. 2
VOP. 6,55. 2
VOP. 7,35. 2
VOP. 24,60 2
VOP. 7,32. fg. 2
VOP. 7,32. fg. 2
VOP. 11,4. 2
VOP. 18,3. 2
VOP. 26,43. 2
VOP. 11,4. 2
VOP. 18,1. 2
VOP. 5,21. 2
VOP. 7,113. 2
VOP. 8,71. 2
VOP. 7,98. 2
VOP. 5,30. 2
VOP. 18,23. 2
VOP. 18,22. 2
VOP. 2,31. 2
VOP. 22,1. 2
VOP. 22,1. 2
VOP. 22,1. 2
VOP. 2,19. 2
VOP. 22,1. 2
VOP. 22,1. 2
VOP. 25,27. 2
VOP. 5,20. 2
VOP. 5,7. 2
VOP. 8,133. 2
VOP. 26,130. 2
VOP. 4,30 2
VOP. 26,12. 2
VOP. 6,14. 2
VOP. 5,10. 2
VOP. 7,84. 2
VOP. 25,5. 2
VOP. 8,127. 2
VOP. 6,37. 2
VOP. 7,19. 2
VOP. 7,7. 2
VOP. 6,73. 2
VOP. 6,78. 2
VOP. 7,85. 2
VOP. 26,11. 2
VOP. 4,17. 2
VOP. 21,3. 2
VOP. 4,12. 2
VOP. 7,19. 2
VOP. 26,31. 2
VOP. 26,31. 2
VOP. 26,31. 2
VOP. 26,31. 2
VOP. 26,190. 2
VOP. 5,15. 2
VOP. 8,52. 2
VOP. 26,191. 2
VOP. 26,12. 2
VOP. 7,22. 2
VOP. 18,8. 2
VOP. 26,190. 2
VOP. 26,206. 2
VOP. 26,111. 2
VOP. 13,4. 2
VOP. 8,79. 2
VOP. 9,53. 2
VOP. 9,53. 2
VOP. 9,53. 2
VOP. 8,118. 2
VOP. 5,15 2
VOP. 23,58. 2
VOP. 5,15. 2
VOP. 26,20. 2
VOP. 26,88. fg. 2
VOP. 26,192. 2
VOP. 9,26. 2
VOP. 19,16. 2
VOP. 5,34. 2
VOP. 4,23. 2
VOP. 14,1. 2
VOP. 24,11. 2
VOP. 5,6. 2
VOP. 8,79. 2
VOP. 26,113. 2
VOP. 5,18. 2
VOP. 7,14. 2
VOP. 18,13. 2
VOP. 26,129. 2
VOP. 5,21. 2
VOP. 25,5. 2
VOP. 7,50 2
VOP. 7,49. 2
VOP. 21,17. 2
VOP. 22,2. 2
VOP. 7,67. 2
VOP. 6,11. 2
VOP. 26,191. 2
VOP. 26,69. 2
VOP. 2,51. 2
VOP. 3,70. 2
VOP. 26,8. 2
VOP. 26,142. 2
VOP. 21,12. 2
VOP. 7,32. fg. 2
VOP. 26,29. 2
VOP. 26,69. 2
VOP. 4,27. 2
VOP. 3,45. 2
VOP. 4,30. 2
VOP. 3,80. 2
VOP. 7,28. 2
VOP. 25,10. 2
VOP. 26,111. 2
VOP. 7,61. 2
VOP. 7,53. 2
VOP. 7,14. 2
VOP. 18,3. 2
VOP. 24,7. 2
VOP. 18,1. 2
VOP. 24,7. 2
VOP. 24,7. 2
VOP. 26,171. 2
VOP. 5,1. 2
VOP. 26,55. 2
VOP. 26,41. 2
VOP. 26,29. 2
VOP. 26,169. 2
VOP. 2,13. 2
VOP. 26,12. 2
VOP. 24,7. 2
VOP. 26,146. 2
VOP. 26,207. 2
VOP. 19,16. 2
VOP. 1,12 2
VOP. 23,12. 2
VOP. 25,6. 2
VOP. 26,35. 2
VOP. 8,130. 2
VOP. 3,98. 2
VOP. 23,53. 2
VOP. 26,205. 2
VOP. 18,3. 2
VOP. 26,147. 2
VOP. 18,3. 2
VOP. 26,102 2
VOP. 26,102. 2
VOP. 25,25. 2
VOP. 25,25. 2
VOP. 26,88. fg. 2
VOP. 23,55. fg. 2
VOP. 26,184. 2
VOP. 11,3. 2
VOP. 3,61. 2
VOP. 26,191. 2
VOP. 26,29. 2
VOP. 3,143. 2
VOP. 5,15. 2
VOP. 2,5 2
VOP. 7,32. fg. 2
VOP. 26,29. 2
VOP. 26,29. 2
VOP. 21,9. 2
VOP. 4,27. 2
VOP. 21,9. 2
VOP. 6,45. 2
VOP. 21,9. 2
VOP. 20,4. 2
VOP. 3,171. 2
VOP. 26,8. 2
VOP. 7,14. 2
VOP. 8,91. 2
VOP. 9,56. 2
VOP. 8,58 2
VOP. 1,18. 2
VOP. 26,205. 2
VOP. 23,52. 2
VOP. 23,52. 2
VOP. 26,8. 2
VOP. 18,3. 2
VOP. 7,14. 2
VOP. 2,9. 2
VOP. 2,9. 2
VOP. 8,141. 2
VOP. 26,204. 2
VOP. 23,39. 2
VOP. 23,39. 2
VOP. 23,58. 2
VOP. 8,141. 2
VOP. 23,40. 2
VOP. 23,58. 2
VOP. 5,5. 2
VOP. 23,39. 2
VOP. 23,42. 2
VOP. 23,41. 2
VOP. 23,41. 2
VOP. 26,30. 2
VOP. 26,30. 2
VOP. 26,171. 2
VOP. 26,7. 2
VOP. 9,7. 2
VOP. 18,23. 2
VOP. 26,194. 2
VOP. 26,162. 2
VOP. 6,1. 2
VOP. 8,134. 2
VOP. 8,134. 2
VOP. 7,91. 2
VOP. 26,103. fg. 2
VOP. 26,171. 2
VOP. 8,89. 2
VOP. 8,57. 2
VOP. 16,5. 2
VOP. 12,3. 2
VOP. 26,89. 2
VOP. 8,60. 2
VOP. 5,20. 2
VOP. 26,33. 2
VOP. 21,13. 2
VOP. 4,23. 2
VOP. 2,25. fg. 2
VOP. 26,20. 2
VOP. 6,22. 2
VOP. 1,1. 2
VOP. 21,17. 2
VOP. 8,121. 2
VOP. 18,4. 2
VOP. 7,75. 2
VOP. 5,24. 2
VOP. 3,80. 2
VOP. 26,142. 2
VOP. 26,142. 2
VOP. 7,10. 2
VOP. 26,16. 2
VOP. 26,16. 2
VOP. 5,23. 2
VOP. 3,59. 2
VOP. 7,56 2
VOP. 7,56 2
VOP. 26,146. 2
VOP. 26,19 2
VOP. 33,97 2
VOP. 9,6. 2
VOP. 9,6. 2
VOP. 20,13. 2
VOP. 26,57. 2
VOP. 5,16. 2
VOP. 9,39. 2
VOP. 8,141. 2
VOP. 26,102. 2
VOP. 5,3. 2
VOP. 5,2. 2
VOP. 5,2. 2
VOP. 5,2. 2
VOP. 5,2. 2
VOP. 2,9. 2
VOP. 26,192. 2
VOP. 7,14. 2
VOP. 26,60. 2
VOP. 4,21. 2
VOP. 8,134. 2
VOP. 8,134. 2
VOP. 8,134. 2
VOP. 5,6. 2
VOP. 5,5. 2
VOP. 5,5. 2
VOP. 23,55 2
VOP. 22,1. 2
VOP. 3,102. fg. 2
VOP. 4,9. 2
VOP. 26,25. 2
VOP. 26,169, v. l. 2
VOP. 26,16. 2
VOP. 3,143. 2
VOP. 26,217. 2
VOP. 18,6. 2
VOP. 26,217. 2
VOP. 6,7. 2
VOP. 26,10. 2
VOP. 2,37. 2
VOP. 7,34. 2
VOP. 6,8. 2
VOP. 7,72. 2
VOP. 5,4. 2
VOP. 26,71. 2
VOP. 26,60. 2
VOP. 4,2. 2
VOP. 7,34. 2
VOP. 7,34. 2
VOP. 7,15. 2
VOP. 4,15. 2
VOP. 26,10. 2
VOP. 7,15. 2
VOP. 6,16. 2
VOP. 26,131 2
VOP. 7,32. fg. 2
VOP. 26,55. 2
VOP. 3,56. fg. 2
VOP. 26,30 2
VOP. 26,48. 2
VOP. 7,32. fg. 2
VOP. 7,35. 2
VOP. 26,12. 2
VOP. 26,170. 2
VOP. 6,13. 2
VOP. 4,30. 2
VOP. 7,49. 2
VOP. 7,70. 2
VOP. 26,69. 2
VOP. 26,182. 2
VOP. 26,33. 2
VOP. 5,6 2
VOP. 7,21. 2
VOP. 26,153. 2
VOP. 23,6. 2
VOP. 23,6. 2
VOP. 1,8. 2
VOP. 7,40. 2
VOP. 7,95. 2
VOP. 7,40. 2
VOP. 7,19. 2
VOP. 4,17. 2
VOP. 5,2. 2
VOP. 15,4. 2
VOP. 26,16. 2
VOP. 23,28. 2
VOP. 26,29. 2
VOP. 6,29. 2
VOP. 8,119. 2
VOP. 8,103. 2
VOP. 13,8. 2
VOP. 10,9. 2
VOP. 24,13. 2
VOP. 21,17. 2
VOP. 26,101. 2
VOP. 7,74. 2
VOP. 26,101. 2
VOP. 9,17. 2
VOP. 26,139. 2
VOP. 9,21. 2
VOP. 9,20. 2
VOP. 9,18.fg. 2
VOP. 9,21. 2
VOP. 24,8. 2
VOP. 26,131. 2
VOP. 19,16. 2
VOP. 23,14. 2
VOP. 9,42. 2
VOP. 26,134. 2
VOP. 26,98. 2
VOP. 26,88.fg. 2
VOP. 6,62. 2
VOP. 7,14. 2
VOP. 26,192. 2
VOP. 8,127 2
VOP. 16,5 2
VOP. 26,152. 2
VOP. 26,186. 2
VOP. 7,74. 2
VOP. 7,28. 2
VOP. 7,28. 2
VOP. 26,139. 2
VOP. 4,12. 2
VOP. 7,49. 2
VOP. 2,5. 2
VOP. 5,30. 2
VOP. 26,55. 2
VOP. 26,20. 2
VOP. 26,35. 2
VOP. 26,160. 2
VOP. 6,62. 2
VOP. 26,20. 2
VOP. 26,168 2
VOP. 3,134. 2
VOP. 23,41. 2
VOP. 5,20. 2
VOP. 18,15. 2
VOP. 23,8. 2
VOP. 3,151. 2
VOP. 26,134. 2
VOP. 5,21. 2
VOP. 23,1. 2
VOP. 4,16. 2
VOP. 5,2. 2
VOP. 5,2. 2
VOP. 3,149. 2
VOP. 6,62. 2
VOP. 21,17. 2
VOP. 5,9. 2
VOP. 3,145. 2
VOP. 26,101. 2
VOP. 26,180. 2
VOP. 26,170. 2
VOP. 26,170. 2
VOP. 3,9. 2
VOP. 5,10. 2
VOP. 3,42. 2
VOP. 26,60. 2
VOP. 3,135. 2
VOP. 3,102. 2
VOP. 3,135. 2
VOP. 25,32. 2
VOP. 8,126. 2
VOP. 6,69. 2
VOP. 7,72. 2
VOP. 2,1. 2
VOP. 21,6. 2
VOP. 26,79. 2
VOP. 26,61. 2
VOP. 26,61. 2
VOP. 26,61. 2
VOP. 18,17. 2
VOP. 8,59. 2
VOP. 26,82. 2
VOP. 26,111. 2
VOP. 23,30. 2
VOP. 26,17.fg. 2
VOP. 6,41. 2
VOP. 26,17.fg. 2
VOP. 7,32.fg. 2
VOP. 5,6. 2
VOP. 7,56. 2
VOP. 5,27. 2
VOP. 21,5. 2
VOP. 4,25. 2
VOP. 26,19. 2
VOP. 5,5. 2
VOP. 21,10. 2
VOP. 26,194 2
VOP. 26,35. 2
VOP. 21,16. 2
VOP. 26,178. 2
VOP. 9,45. fg. 2
VOP. 18,2. 2
VOP. 21,8. 2
VOP. 21,8. 2
VOP. 26,129. 2
VOP. 7,32.fg. 2
VOP. 26,220. 2
VOP. 7,15. 2
VOP. 6,14. 2
VOP. 21,10. 2
VOP. 7,19. 2
VOP. 4,15. 2
VOP. 4,40. 2
VOP. 3,132. 2
VOP. 26,25. 2
VOP. 23,41. 2
VOP. 7,3. 2
VOP. 13,5 2
VOP. 8,124 2
VOP. 13,5. 2
VOP. 13,6 2
VOP. 7,3. 2
VOP. 8,123 2
VOP. 8,124. 2
VOP. 18,22. 2
VOP. 26,192. 2
VOP. 11,3. 2
VOP. 23,28. 2
VOP. 7,4 2
VOP. 3,30. 2
VOP. 3,9. 2
VOP. 4,24, v. l. 2
VOP. 7,3. 2
VOP. 3,42. 2
VOP. 8,138. 2
VOP. 18,6. 2
VOP. 20,12. 2
VOP. 6,31. 2
VOP. 6,42. 2
VOP. 26,37. 2
VOP. 7,3 2
VOP. 26,177. 2
VOP. 26,220. 2
VOP. 5,19. 2
VOP. 26,486. 2
VOP. 13,1. 2
VOP. 13,1. 2
VOP. 26,219. 2
VOP. 26,97. 2
VOP. 3,77.fg. 2
VOP. 18,8. 2
VOP. 7,31. 2
VOP. 7,31. 2
VOP. 7,31. 2
VOP. 26,19. 2
VOP. 26,110. 2
VOP. 2,13. 2
VOP. 26,48. 2
VOP. 26,110. 2
VOP. 4,27. 2
VOP. 26,12. 2
VOP. 25,23. 2
VOP. 3,43. 2
VOP. 4,20. 2
VOP. 18,14. 2
VOP. 4,15. 2
VOP. 26,149. 2
VOP. 26,60. 2
VOP. 8,127. 2
VOP. 18,14. 2
VOP. 7,31. 2
VOP. 7,31. 2
VOP. 7,31. 2
VOP. 23,7 2
VOP. 5,15 2
VOP. 20,8. 2
VOP. 23,7. 2
VOP. 5,30. 2
VOP. 21,10. 2
VOP. 1,13. 2
VOP. 21,10. 2
VOP. 5,5. 2
VOP. 26,208. 2
VOP. 24,6. 2
VOP. 18,24. 2
VOP. 24,5. 2
VOP. 26,114 2
VOP. 18,24 2
VOP. 5,17 2
VOP. 25,19. 2
VOP. 26,170. 2
VOP. 6,7. 2
VOP. 7,77. 2
VOP. 7,31. 2
VOP. 26,168. 2
VOP. 26,171. 2
VOP. 9,40. 2
VOP. 26,148. 2
VOP. 26,186. 2
VOP. 16,5. 2
VOP. 6,62. 2
VOP. 26,162. 2
VOP. 26,61. 2
VOP. 26,61. 2
VOP. 3,143. 2
VOP. 4,23. 2
VOP. 8,118. 2
VOP. 21,8. 2
VOP. 21,8. 2
VOP. 26,111. 2
VOP. 16,19. 2
VOP. 26,12. 2
VOP. 11,3. 2
VOP. 26,120. 2
VOP. 18,6. 2
VOP. 26,121. 2
VOP. 7,79. 2
VOP. 7,79. 2
VOP. 7,15. 2
VOP. 7,23. 2
VOP. 8,126. 2
VOP. 26,146. 2
VOP. 5,26. 2
VOP. 23,49. 2
VOP. 4,12. 2
VOP. 7,15. 2
VOP. 7,16. fg. 2
VOP. 5,6. 2
VOP. 26,20, v. l. 2
VOP. 7,30. 2
VOP. 21,6. 2
VOP. 8,37. 2
VOP. 26,17. fg. 2
VOP. 9,36. 2
VOP. 8,70. 2
VOP. 9,41. fg. 2
VOP. 8,60. 2
VOP. 26,204. 2
VOP. 22,2. 2
VOP. 20,16. 2
VOP. 5,2 2
VOP. 5,2. 2
VOP. 26,129. 2
VOP. 26,90. fg. 2
VOP. 26,91. 2
VOP. 4,15. 2
VOP. 26,90. fg. 2
VOP. 26,131 2
VOP. 8,79. fg. 2
VOP. 7,77. 2
VOP. 3,59. 2
VOP. 26,54. 2
VOP. 26,54. 2
VOP. 13,4. 2
VOP. 20,1 2
VOP. 3,143. 2
VOP. 5,15. 2
VOP. 4,8. 2
VOP. 25,23. 2
VOP. 22,2 2
VOP. 26,99. 2
VOP. 26,107. 2
VOP. 7,90. 2
VOP. 7,32. fg. 2
VOP. 26,111. 2
VOP. 26,33. 2
VOP. 4,17 2
VOP. 4,17. 2
VOP. 26,90. fg. 2
VOP. 26,93. 2
VOP. 26,93. 2
VOP. 26,92. 2
VOP. 26,91. 2
VOP. 18,3. 2
VOP. 26,206. 2
VOP. 24,12. 2
VOP. 26,193. 2
VOP. 25,11. 2
VOP. 26,194. 2
VOP. 26,41. 2
VOP. 26,164. 2
VOP. 24,45. 2
VOP. 26,88. fg. 2
VOP. 21,16 2
VOP. 7,57. 2
VOP. 24,12. 2
VOP. 26,89. 2
VOP. 19,8. 2
VOP. 6,50. 2
VOP. 6,50. 2
VOP. 26,52. 2
VOP. 26,71. 2
VOP. 3,143. 2
VOP. 3,143. 2
VOP. 25,21. 2
VOP. 3,90. 2
VOP. 7,27. 2
VOP. 6,7. 2
VOP. 8,94. 2
VOP. 5,5. 2
VOP. 23,57. 2
VOP. 19,15. 2
VOP. 5,15. 2
VOP. 23,57. 2
VOP. 5,15 2
VOP. 23,57. 2
VOP. 23,14 2
VOP. 23,14. 2
VOP. 26,183. 2
VOP. 7,57. 2
VOP. 7,57. 2
VOP. 5,34. 2
VOP. 5,15. 2
VOP. 5,15. 2
VOP. 26,129. 2
VOP. 11,3. 2
VOP. 6,42. 2
VOP. 3,117. 2
VOP. 7,4. 2
VOP. 4,12. 2
VOP. 6,80. 2
VOP. 9,27. 2
VOP. 9,27. 2
VOP. 26,103. fg. 2
VOP. 26,103. fg. 2
VOP. 7,4. 2
VOP. 8,142. 2
VOP. 26,37. 2
VOP. 4,27 2
VOP. 21,15. 2
VOP. 4,12. 2
VOP. 6,80. 2
VOP. 7,76. 2
VOP. 7,45. 2
VOP. 2,27. 2
VOP. 2,27. 2
VOP. 7,38 2
VOP. 7,38. 2
VOP. 7,41. 2
VOP. 6,14. 2
VOP. 7,45. 2
VOP. 8,72. 2
VOP. 26,172. 2
VOP. 26,172. 2
VOP. 2,55. 2
VOP. 2,55. 2
VOP. 6,17. 2
VOP. 7,97. fg. 2
VOP. 6,61. 2
VOP. 26,78 2
VOP. 5,4. 2
VOP. 7,39. 2
VOP. 21,17. 2
VOP. 21,17. 2
VOP. 26,11. 2
VOP. 8,128. 2
VOP. 17,1. 2
VOP. 26,36. 2
VOP. 26,36. 2
VOP. 6,72. 2
VOP. 4,30. 2
VOP. 4,6. 2
VOP. 6,72. 2
VOP. 6,97. 2
VOP. 3,95. 2
VOP. 6,18. 2
VOP. 3,50. fgg. 2
VOP. 4,26. 2
VOP. 6,97. 2
VOP. 6,98. 2
VOP. 6,5. 2
VOP. 8,40. 2
VOP. 8,1. 2
VOP. 23,11. 2
VOP. 26,78. 2
VOP. 26,16. 2
VOP. 7,42. 2
VOP. 6,61. 2
VOP. 6,13. 2
VOP. 6,97. 2
VOP. 6,98. 2
VOP. 25,28. 2
VOP. 6,97. 2
VOP. 26,11. 2
VOP. 21,17. 2
VOP. 8,102. 2
VOP. 8,102. 2
VOP. 26,193. 2
VOP. 8,33. 2
VOP. 6,72. 2
VOP. 26,44. 2
VOP. 6,97. 2
VOP. 6,61. 2
VOP. 4,15. 2
VOP. 7,90. 2
VOP. 21,16. 2
VOP. 8,70. 2
VOP. 8,126 2
VOP. 8,126. 2
VOP. 7,110. 2
VOP. 6,61. 2
VOP. 7,110. 2
VOP. 26,149. 2
VOP. 6,98. 2
VOP. 26,81. 2
VOP. 6,97. 2
VOP. 6,98. 2
VOP. 7,49. 2
VOP. 8,21. 2
VOP. 6,79. 2
VOP. 26,44. 2
VOP. 2,20. 2
VOP. 7,91. 2
VOP. 6,97. 2
VOP. 6,97. 2
VOP. 6,85. 2
VOP. 7,38. 2
VOP. 6,97. 2
VOP. 6,97. 2
VOP. 1,8. 2
VOP. 3,9. 2
VOP. 6,13. 2
VOP. 1,4. 2
VOP. 6,65. 2
VOP. 26,171. 2
VOP. 26,186. 2
VOP. 6,72. 2
VOP. 5,7. 2
VOP. 7,90. 2
VOP. 25,23. 2
VOP. 26,17. fg. 2
VOP. 26,170. 2
VOP. 3,134. 2
VOP. 1,4. 2
VOP. 6,98. 2
VOP. 6,98. 2
VOP. 6,98. 2
VOP. 6,98. 2
VOP. 6,98. 2
VOP. 6,98. 2
VOP. 6,98. 2
VOP. 6,98. 2
VOP. 6,98. 2
VOP. 6,98. 2
VOP. 6,71. 2
VOP. 6,4 2
VOP. 1,1. 2
VOP. 21,4. 2
VOP. 6,70. 2
VOP. 6,58. 2
VOP. 26,10. 2
VOP. 26,11. 2
VOP. 6,61. 2
VOP. 25,22. 2
VOP. 4,15. 2
VOP. 26,101. 2
VOP. 5,23. 2
VOP. 3,34. 2
VOP. 3,3. 2
VOP. 3,3. 2
VOP. 25,31. 2
VOP. 21,17. 2
VOP. 26,19. 2
VOP. 25,17. 2
VOP. 1,8. 2
VOP. 26,168. 2
VOP. 26,19. 2
VOP. 26,171. 2
VOP. 26,171, v. l. 2
VOP. 26,81. 2
VOP. 2,32. 2
VOP. 8,93. 2
VOP. 8,91. fg. 2
VOP. 8,91. fg. 2
VOP. 8,57. 2
VOP. 8,93. 2
VOP. 26,16. 2
VOP. 26,47. 2
VOP. 26,192. 2
VOP. 26,41. 2
VOP. 6,64. 2
VOP. 6,45. 2
VOP. 26,33. 2
VOP. 6,97. 2
VOP. 6,98. 2
VOP. 23,22. 2
VOP. 8,43. 2
VOP. 23,55. fg. 2
VOP. 26,68. 2
VOP. 3,9. 2
VOP. 26,60. 2
VOP. 4,6. 2
VOP. 26,57. 2
VOP. 7,97. 2
VOP. 5,7. 2
VOP. 7,99. 2
VOP. 7,109 2
VOP. 7,100. 2
VOP. 26,79. 2
VOP. 6,46. 2
VOP. 6,38. fg. 2
VOP. 6,97. 2
VOP. 6,98. 2
VOP. 6,98. 2
VOP. 6,98. 2
VOP. 26,169. 2
VOP. 6,5. 2
VOP. 6,97. 2
VOP. 3,65. 2
VOP. 6,98. 2
VOP. 26,69. 2
VOP. 26,135. 2
VOP. 19,17. 2
VOP. 5,15. 2
VOP. 18,1. v. l. 2
VOP. 3,34. 2
VOP. 5,10. 2
VOP. 6,17. 2
VOP. 6,61. 2
VOP. 6,17. 2
VOP. 6,61. 2
VOP. 6,72. 2
VOP. 4,30. 2
VOP. 26,169. 2
VOP. 26,142. 2
VOP. 23,41. 2
VOP. 4,30. 2
VOP. 26,12. 2
VOP. 26,66. fg. 2
VOP. 11,3. 2
VOP. 26,119. 2
VOP. 18,6. 2
VOP. 20,4. 2
VOP. 26,176. 2
VOP. 15,5. 2
VOP. 5,29. 2
VOP. 6,61. 2
VOP. 26,35. 2
VOP. 26,35. 2
VOP. 26,44. 2
VOP. 26,185. 2
VOP. 26,20. 2
VOP. 21,16. 2
VOP. 7,56. 2
VOP. 7,56. 2
VOP. 5,29. 2
VOP. 7,15. 2
VOP. 23,54. 2
VOP. 23,32. 2
VOP. 7,24. 2
VOP. 6,8. 2
VOP. 5,2. 2
VOP. 26,11. 2
VOP. 6,76. 2
VOP. 26,46. 2
VOP. 7,21. 2
VOP. 25,17. 2
VOP. 26,11. 2
VOP. 5,30. 2
VOP. 7,11. 2
VOP. 7,19. 2
VOP. 1,4. 2
VOP. 3,42. 2
VOP. 2,13. 2
VOP. 26,154 2
VOP. 26,35. 2
VOP. 23,25. 2
VOP. 26,94. 2
VOP. 13,1. 2
VOP. 19,17. 2
VOP. 5,4. 2
VOP. 25,6. 2
VOP. 8,46. 2
VOP. 8,45. 2
VOP. 26,220. 2
VOP. 8,45. 2
VOP. 24,8. 2
VOP. 26,20. 2
VOP. 3,9. 2
VOP. 4,28. 2
VOP. 2,13. 2
VOP. 4,3. 2
VOP. 11,1. 2
VOP. 11,1. 2
VOP. 8,45. 2
VOP. 26,172. 2
VOP. 12, 2
VOP. 13,1. 2
VOP. 9,39. 2
VOP. 9,40. 2
VOP. 5,29. 2
VOP. 8,95. 2
VOP. 1,8. 2
VOP. 6,88 2
VOP. 7,23. 2
VOP. 7,23. 2
VOP. 26,197. 2
VOP. 24,8. 2
VOP. 6,14. 2
VOP. 26,64. 2
VOP. 7,91. 2
VOP. 21,10. 2
VOP. 3,61. 2
VOP. 2,36. 2
VOP. 6,87. 2
VOP. 26,68. 2
VOP. 9,55 2
VOP. 6,29. 2
VOP. 3,61. 2
VOP. 3,151. 2
VOP. 26,186. 2
VOP. 26,69. 2
VOP. 26,199. 2
VOP. 26,199. 2
VOP. 5,26. 2
VOP. 26,68. 2
VOP. 6,28. 2
VOP. 26,199. 2
VOP. 3,82. 2
VOP. 3,58. fg. 2
VOP. 3,96. 2
VOP. 26,198. 2
VOP. 3,151. 2
VOP. 26,69. 2
VOP. 6,26. 2
VOP. 6,13. 2
VOP. 26,62. 2
VOP. 26,63. 2
VOP. 26,63. 2
VOP. 6,61. 2
VOP. 4,17. 2
VOP. 4,17. 2
VOP. 6,27. 2
VOP. 3,134. 2
VOP. 6,87. 2
VOP. 6,88. 2
VOP. 3,65. 2
VOP. 3,165. 2
VOP. 3,156. 2
VOP. 3,148. 2
VOP. 26,69. 2
VOP. 3,58. 2
VOP. 6,25. 2
VOP. 4,17. 2
VOP. 3,153. 2
VOP. 6,75. 2
VOP. 26,219. 2
VOP. 4,7. 2
VOP. 26,88. fg. 2
VOP. 26,20. 2
VOP. 4,24. 2
VOP. 7,88. 2
VOP. 26,157. 2
VOP. 26,150. 2
VOP. 8,43. 2
VOP. 26,149. 2
VOP. 8,118. 2
VOP. 8,118. 2
VOP. 26,172. 2
VOP. 6,98. 2
VOP. 5,35. 2
VOP. 26,69. 2
VOP. 7,19. 2
VOP. 4,12. 2
VOP. 6,14. 2
VOP. 7,19. 2
VOP. 26,203. 2
VOP. 20,7. 2
VOP. 8,98. 2
VOP. 8,98. 2
VOP. 16,1. 2
VOP. 16,1. 2
VOP. 16,1. 2
VOP. 16,1. 2
VOP. 18,24. 2
VOP. 4,17. 2
VOP. 26,54. 2
VOP. 26,54. 2
VOP. 26,166. 2
VOP. 16,1. 2
VOP. 8,38. 2
VOP. 18,1. 2
VOP. 3,170. 2
VOP. 26,48. 2
VOP. 8,43. 2
VOP. 18,2. 2
VOP. 26,25. 2
VOP. 9,53. 2
VOP. 9,53. 2
VOP. 9,53. 2
VOP. 25,30. 2
VOP. 19,17. 2
VOP. 21,17. 2
VOP. 5,26. 2
VOP. 16,1. 2
VOP. 7,68. 2
VOP. 26,25. 2
VOP. 26,100. 2
VOP. 26,100. 2
VOP. 7,49. 2
VOP. 7,49. 2
VOP. 6,8. 2
VOP. 4,1. 2
VOP. 7,12. 2
VOP. 4,26. 2
VOP. 7,56. 2
VOP. 7,56. 2
VOP. 8,70. 2
VOP. 8,25. 2
VOP. 8,85. 2
VOP. 10,11. 2
VOP. 5,15. 2
VOP. 23,8. 2
VOP. 5,7. 2
VOP. 23,8. 2
VOP. 18,9. 2
VOP. 5,15. 2
VOP. 19,17. 2
VOP. 20,4. 2
VOP. 23,8. 2
VOP. 23,8. 2
VOP. 3,170. 2
VOP. 23,9. 2
VOP. 23,9. 2
VOP. 23,9. 2
VOP. 23,9. 2
VOP. 23,10. fgg. 2
VOP. 23,11. 2
VOP. 23,12. 2
VOP. 23,1. 2
VOP. 23,11. 2
VOP. 23,11. 2
VOP. 23,10. 2
VOP. 23,13. 2
VOP. 23,8. 2
VOP. 23,8. 2
VOP. 23,8. 2
VOP. 4,8. 2
VOP. 3,20. 2
VOP. 1,4. 2
VOP. 1,4. 2
VOP. 2,5. 2
VOP. 26,29. 2
VOP. 26,146. 2
VOP. 26,156. 2
VOP. 26,144. 2
VOP. 26,119. 2
VOP. 4,1. 2
VOP. 8,14. 2
VOP. 5,3. 2
VOP. 26,62. 2
VOP. 26,63. 2
VOP. 7,56. 2
VOP. 7,56. 2
VOP. 5,28. 2
VOP. 18,23. 2
VOP. 3,101. 2
VOP. 24,12. 2
VOP. 19,15. 2
VOP. 3,101. 2
VOP. 23,24. 2
VOP. 5,15. 2
VOP. 26,114. 2
VOP. 26,114. 2
VOP. 26,164. 2
VOP. 26,148. 2
VOP. 26,192. 2
VOP. 18,17. 2
VOP. 28,96, v. l. 2
VOP. 26,115. 2
VOP. 18,11. 2
VOP. 26,174. 2
VOP. 26,174. 2
VOP. 7,56. 2
VOP. 26,115. 2
VOP. 18,17. 2
VOP. 8,98. 2
VOP. 13,6. 2
VOP. 7,56. 2
VOP. 26,174. 2
VOP. 7,4. 2
VOP. 5,5. 2
VOP. 25,2. 2
VOP. 26,219. 2
VOP. 25,29. 2
VOP. 18,2. 2
VOP. 23,38. 2
VOP. 23,57. 2
VOP. 20,4. 2
VOP. 25,30. 2
VOP. 8,43. 2
VOP. 19,7. 2
VOP. 18,18 2
VOP. 26,183. 2
VOP. 26,158. 2
VOP. 26,203. 2
VOP. 8,98. 2
VOP. 8,98. 2
VOP. 8,98. 2
VOP. 8,121. 2
VOP. 8,98. 2
VOP. 8,98. 2
VOP. 8,98. 2
VOP. 20,12. 2
VOP. 8,134. 2
VOP. 7,29. 2
VOP. 7,29. 2
VOP. 26,71. 2
VOP. 21,14. 2
VOP. 26,41. 2
VOP. 22,2. 2
VOP. 19,15. 2
VOP. 21,14. 2
VOP. 21,14. 2
VOP. 26,71. 2
VOP. 26,75 2
VOP. 21,7. 2
VOP. 6,13. 2
VOP. 3,9. 2
VOP. 5,13. 2
VOP. 21,4. 2
VOP. 4,7. 2
VOP. 7,3. 2
VOP. 8,106. 2
VOP. 8,106. 2
VOP. 8,107. 2
VOP. 8,43. 2
VOP. 19,17. 2
VOP. 5,16 2
VOP. 7,3. 2
VOP. 8,127. 2
VOP. 26,113. 2
VOP. 8,127. 2
VOP. 8,127. 2
VOP. 9,27. 2
VOP. 8,124. 2
VOP. 18,5. 2
VOP. 19,6. 2
VOP. 20,12. 2
VOP. 8,98. 2
VOP. 9,27. 2
VOP. 8,98. 2
VOP. 8,98. 2
VOP. 9,27. 2
VOP. 3,168. 2
VOP. 26,180. 2
VOP. 26,161. 2
VOP. 24,8. 2
VOP. 26,168. 2
VOP. 3,65. 2
VOP. 13,14 2
VOP. 3,17. 2
VOP. 7,4. 2
VOP. 7,4. 2
VOP. 25,6. 2
VOP. 3,66. 2
VOP. 5,16. 2
VOP. 7,3. 2
VOP. 7,4. 2
VOP. 26,111 2
VOP. 21,16. 2
VOP. 7,32. fg. 2
VOP. 5,29. 2
VOP. 21,7. 2
VOP. 5,16. 2
VOP. 8,43. 2
VOP. 26,104 2
VOP. 19,17. 2
VOP. 21,1. 2
VOP. 4,17. 2
VOP. 2,10. 2
VOP. 3,143. 2
VOP. 26,33. 2
VOP. 4,15. 2
VOP. 26,16. 2
VOP. 26,23. 2
VOP. 9,1. 2
VOP. 9,8. 2
VOP. 9,10. 2
VOP. 26,134. 2
VOP. 3,153. 2
VOP. 8,22. 2
VOP. 18,25. 2
VOP. 19,3. 2
VOP. 20,17. 2
VOP. 20,9. 2
VOP. 20,8. 2
VOP. 23,55. fg. 2
VOP. 23,19. 2
VOP. 23,17. 2
VOP. 26,140. 2
VOP. 21,17, v. l. 2
VOP. 21,17. 2
VOP. 3,111. 2
VOP. 26,30. 2
VOP. 8,71. 2
VOP. 8,132. 2
VOP. 5,5. 2
VOP. 23,55 2
VOP. 23,7. 2
VOP. 6,33. 2
VOP. 25,1. 2
VOP. 5,7. 2
VOP. 4,27. 2
VOP. 26,129. 2
VOP. 4,13. 2
VOP. 26,113. 2
VOP. 26,113. 2
VOP. 5,7. 2
VOP. 26,20. 2
VOP. 21,17. 2
VOP. 7,35. 2
VOP. 2,13. 2
VOP. 23,55. fg. 2
VOP. 6,33. 2
VOP. 6,31. 2
VOP. 6,78. 2
VOP. 15,5. 2
VOP. 10,5. 2
VOP. 10,5. 2
VOP. 10,7. 2
VOP. 10,6. 2
VOP. 26,211. 2
VOP. 26,212. 2
VOP. 3,145. 2
VOP. 26,61. 2
VOP. 20,4. 2
VOP. 20,18. 2
VOP. 5,7. 2
VOP. 26,184. 2
VOP. 26,40 2
VOP. 4,14 2
VOP. 26,40 2
VOP. 26,191. 2
VOP. 24,13. 2
VOP. 3,43. 2
VOP. 12,4. 2
VOP. 18,1. 2
VOP. 14,3. 2
VOP. 25,17. 2
VOP. 11,3. 2
VOP. 26,158. 2
VOP. 5,23 2
VOP. 3,144. 2
VOP. 5,16. 2
VOP. 6,62. 2
VOP. 26,174. 2
VOP. 4,26. 2
VOP. 5,7. 2
VOP. 10,1. 2
VOP. 10,2 2
VOP. 10,2. 2
VOP. 10,3. 2
VOP. 10,3. 2
VOP. 19,5. 2
VOP. 3,65. 2
VOP. 26,183. 2
VOP. 5,28. 2
VOP. 5,2. 2
VOP. 26,166. 2
VOP. 18,3. 2
VOP. 26,185. 2
VOP. 25,17. 2
VOP. 7,19. 2
VOP. 6,14. 2
VOP. 21,7. 2
VOP. 21,7 2
VOP. 3,65. 2
VOP. 6,5. 2
VOP. 5,15. 2
VOP. 18,23. 2
VOP. 7,10. 2
VOP. 7,56. 2
VOP. 7,56. 2
VOP. 21,13, v. l. 2
VOP. 10,3. 2
VOP. 10,3. 2
VOP. 26,98. 2
VOP. 18,8. 2
VOP. 3,80. 2
VOP. 26,118. 2
VOP. 8,88. 2
VOP. 18,23. 2
VOP. 8,140. 2
VOP. 18,6. 2
VOP. 5,5 2
VOP. 19,1. 2
VOP. 23,24. 2
VOP. 23,33. 2
VOP. 23,33. 2
VOP. 23,33. 2
VOP. 23,33. 2
VOP. 7,89. 2
VOP. 8,126. 2
** (730) VOP. with OTHER parameters 
VOP. 6,18. 65. ? <ls>VOP. 6,18. 65.</ls>
VOP. 26,66. 67. ? <ls>VOP. 26,66. 67.</ls>
VOP. 2,49. 50. ? <ls>VOP. 2,49. 50.</ls>
VOP. 7,32. 33. ? <ls>VOP. 7,32. 33.</ls>
VOP. 6,19. 51. 57. ? <ls>VOP. 6,19. 51. 57.</ls>
VOP. 8,41. 58. ? <ls n="VOP.">8,41. 58.</ls>
VOP. 14,3. 4. 26,207. ? <ls>VOP. 14,3. 4. 26,207.</ls>
VOP. 20,1. 4. ? <ls>VOP. 20,1. 4.</ls>
VOP. 26,186. 189. ? <ls>VOP. 26,186. 189.</ls>
VOP. 7,32. 33. ? <ls>VOP. 7,32. 33.</ls>
VOP. 7,32. 33. ? <ls>VOP. 7,32. 33.</ls>
VOP. 9,4. 26,127. ? <ls>VOP. 9,4. 26,127.</ls>
VOP. 5,5. 23,58. ? <ls>VOP. 5,5. 23,58.</ls>
VOP. 9,4. 19,1. ? <ls>VOP. 9,4. 19,1.</ls>
VOP. 3,148. 4,12. 26,80. ? <ls>VOP. 3,148. 4,12. 26,80.</ls>
VOP. 3,46. 127. 130. 157 — 159. 164. 168. ? <ls>VOP. 3,46. 127. 130. 157 — 159. 164. 168.</ls>
VOP. 3,9. 12. 37. 7,107. ? <ls>VOP. 3,9. 12. 37. 7,107.</ls>
VOP. 8,22. 9,27. ? <ls>VOP. 8,22. 9,27.</ls>
VOP. 3,104-106. ? <ls>VOP. 3,104-106.</ls>
VOP. 3,155. 156. ? <ls>VOP. 3,155. 156.</ls>
VOP. 3,9. 12. 37. ? <ls>VOP. 3,9. 12. 37.</ls>
VOP. 3,9. 75. ? <ls>VOP. 3,9. 75.</ls>
VOP. 3,9. 88. ? <ls>VOP. 3,9. 88.</ls>
VOP. 3,9. 88. ? <ls>VOP. 3,9. 88.</ls>
VOP. 26,83. 85. ? <ls>VOP. 26,83. 85.</ls>
VOP. 3,87. 163. 164. 168. ? <ls>VOP. 3,87. 163. 164. 168.</ls>
VOP. 3,12. 37. ? <ls>VOP. 3,12. 37.</ls>
VOP. 26,66. 67. ? <ls>VOP. 26,66. 67.</ls>
VOP. 5,7. - ? <ls>VOP. 5,7. -</ls>
VOP. 21,17. 8,45. ? <ls>VOP. 21,17. 8,45.</ls>
VOP. 26,80. 3,148. 4,12. ? <ls>VOP. 26,80. 3,148. 4,12.</ls>
VOP. 26,83. 85. ? <ls>VOP. 26,83. 85.</ls>
VOP. 6,45. 62. ? <ls>VOP. 6,45. 62.</ls>
VOP. 10,4. 7. ? <ls>VOP. 10,4. 7.</ls>
VOP. 8,62. 89. ? <ls>VOP. 8,62. 89.</ls>
VOP. 8,88. 93. ? <ls>VOP. 8,88. 93.</ls>
VOP. 8,88. 24,3. ? <ls>VOP. 8,88. 24,3.</ls>
VOP. 26,17. 18. ? <ls>VOP. 26,17. 18.</ls>
VOP. 8,86. 18,1. ? <ls>VOP. 8,86. 18,1.</ls>
VOP. 19,8. 10 ? <ls>VOP. 19,8. 10</ls>
VOP. 7,2. 18. ? <ls>VOP. 7,2. 18.</ls>
VOP. 3,117. 118. 4,12. ? <ls>VOP. 3,117. 118. 4,12.</ls>
VOP. 7,32. 33. ? <ls>VOP. 7,32. 33.</ls>
VOP. 8,97. 26,28. ? <ls>VOP. 8,97. 26,28.</ls>
VOP. 5,10. 26,201. ? <ls>VOP. 5,10. 26,201.</ls>
VOP. 3,107-109. 136. ? <ls>VOP. 3,107-109. 136.</ls>
VOP. 3,9. 12. 37. ? <ls>VOP. 3,9. 12. 37.</ls>
VOP. 3,37, Śl. 3. ? <ls n="VOP.">3,37, Śl. 3.</ls>
VOP. 8,53. 12,6 ? <ls>VOP. 8,53. 12,6</ls>
VOP. 20,1. 4. ? <ls>VOP. 20,1. 4.</ls>
VOP. 3,123. 124. ? <ls>VOP. 3,123. 124.</ls>
VOP. 23,55. 56. ? <ls>VOP. 23,55. 56.</ls>
VOP. 8,91. 125. 11,5. ? <ls>VOP. 8,91. 125. 11,5.</ls>
VOP. 3,39. 134. 165. ? <ls>VOP. 3,39. 134. 165.</ls>
VOP. 3,9. 56. 138-145. ? <ls>VOP. 3,9. 56. 138-145.</ls>
VOP. 9,54. 55. ? <ls>VOP. 9,54. 55.</ls>
VOP. 7,32. 33. ? <ls>VOP. 7,32. 33.</ls>
VOP. 6,37. 56. ? <ls>VOP. 6,37. 56.</ls>
VOP. 2,54. 6,8. ? <ls>VOP. 2,54. 6,8.</ls>
VOP. 3,42. 6,38. 39. 57. ? <ls>VOP. 3,42. 6,38. 39. 57.</ls>
VOP. 1,8. 2,19. ? <ls>VOP. 1,8. 2,19.</ls>
VOP. 2,5. 19. ? <ls>VOP. 2,5. 19.</ls>
VOP. 7,19. 22. ? <ls>VOP. 7,19. 22.</ls>
VOP. 7,1. 2 ? <ls>VOP. 7,1. 2</ls>
VOP. 7,1. 9. ? <ls>VOP. 7,1. 9.</ls>
VOP. p. 175. ? <ls>VOP. p. 175.</ls>
VOP. 8,53. 58. ? <ls>VOP. 8,53. 58.</ls>
VOP. 7,19. 22. ? <ls>VOP. 7,19. 22.</ls>
VOP. 26,49. 50. ? <ls>VOP. 26,49. 50.</ls>
VOP. 7,1. 5. ? <ls>VOP. 7,1. 5.</ls>
VOP. 7,16. 17. ? <ls>VOP. 7,16. 17.</ls>
VOP. 9,36. 26,69. ? <ls>VOP. 9,36. 26,69.</ls>
VOP. 7,1. 9. ? <ls>VOP. 7,1. 9.</ls>
VOP. 8,55. 9,39 ? <ls>VOP. 8,55. 9,39</ls>
VOP. 5,27. 26,130. ? <ls>VOP. 5,27. 26,130.</ls>
VOP. 9,13. 14. ? <ls>VOP. 9,13. 14.</ls>
VOP. 8,55. 114. ? <ls>VOP. 8,55. 114.</ls>
VOP. 9,43. 44. ? <ls>VOP. 9,43. 44.</ls>
VOP. 18,17. 9,44. ? <ls>VOP. 18,17. 9,44.</ls>
VOP. 19,3. 4. 9,44. ? <ls>VOP. 19,3. 4. 9,44.</ls>
VOP. 2,21. 22. ? <ls>VOP. 2,21. 22.</ls>
VOP. 26,17. 18. ? <ls>VOP. 26,17. 18.</ls>
VOP. 3,9. 56. 126-132. 163. ? <ls>VOP. 3,9. 56. 126-132. 163.</ls>
VOP. 8,53. 54. 56. ? <ls>VOP. 8,53. 54. 56.</ls>
VOP. 8,86. 18,1. ? <ls>VOP. 8,86. 18,1.</ls>
VOP. 8,79. 13,4. ? <ls>VOP. 8,79. 13,4.</ls>
VOP. 9,38. 39. ? <ls>VOP. 9,38. 39.</ls>
VOP. 26,83. 84. ? <ls>VOP. 26,83. 84.</ls>
VOP. 26,83. 84. ? <ls>VOP. 26,83. 84.</ls>
VOP. 26,83. 84. ? <ls>VOP. 26,83. 84.</ls>
VOP. 26,65. 3,107-109. 153. ? <ls>VOP. 26,65. 3,107-109. 153.</ls>
VOP. 3,9. 12. 37. ? <ls>VOP. 3,9. 12. 37.</ls>
VOP. 3,146. 148. 4,12. ? <ls>VOP. 3,146. 148. 4,12.</ls>
VOP. 26,66. 67. ? <ls>VOP. 26,66. 67.</ls>
VOP. 3,39. 89. ? <ls>VOP. 3,39. 89.</ls>
VOP. 26,49. 50. ? <ls>VOP. 26,49. 50.</ls>
VOP. 6,58. 59 ? <ls>VOP. 6,58. 59</ls>
VOP. 6,58. 59. ? <ls>VOP. 6,58. 59.</ls>
VOP. 3,9. 36. ? <ls>VOP. 3,9. 36.</ls>
VOP. 26,71. 3,134. 160. ? <ls>VOP. 26,71. 3,134. 160.</ls>
VOP. 8. 21. ? <ls>VOP. 8. 21.</ls>
VOP. 7,32. 33. ? <ls>VOP. 7,32. 33.</ls>
VOP. 8,55. 9,46 — 49. 51. 52. 26,89. ? <ls>VOP. 8,55. 9,46 — 49. 51. 52. 26,89.</ls>
VOP. 20,1. 4. ? <ls>VOP. 20,1. 4.</ls>
VOP. 6,74. 75. ? <ls>VOP. 6,74. 75.</ls>
VOP. 3,119 — 121. ? <ls>VOP. 3,119 — 121.</ls>
VOP. 6,38. 39. ? <ls>VOP. 6,38. 39.</ls>
VOP. 3,9. 56. 132. 163. 165. 2,55. ? <ls>VOP. 3,9. 56. 132. 163. 165. 2,55.</ls>
VOP. 2,55. 4,7. ? <ls>VOP. 2,55. 4,7.</ls>
VOP. 3,132. 165. ? <ls>VOP. 3,132. 165.</ls>
VOP. 1,4. 8,101. ? <ls>VOP. 1,4. 8,101.</ls>
VOP. 7,1. 10. ? <ls>VOP. 7,1. 10.</ls>
VOP. 7,1. 2. ? <ls>VOP. 7,1. 2.</ls>
VOP. 7,1. 2. ? <ls>VOP. 7,1. 2.</ls>
VOP. 3,9. 56. 132. 163. 165. ? <ls>VOP. 3,9. 56. 132. 163. 165.</ls>
VOP. 25,10. 11. ? <ls>VOP. 25,10. 11.</ls>
VOP. 26,71. 3,65. ? <ls>VOP. 26,71. 3,65.</ls>
VOP. 3,53. 54. ? <ls>VOP. 3,53. 54.</ls>
VOP. 25,9). ? <ls>VOP. 25,9).</ls>
VOP. 6,92. 96. ? <ls>VOP. 6,92. 96.</ls>
VOP. 8,64. 110. ? <ls>VOP. 8,64. 110.</ls>
VOP. 26,132. 135 ? <ls>VOP. 26,132. 135</ls>
VOP. 7,81-84. ? <ls>VOP. 7,81-84.</ls>
VOP. a. a. O. ? <ls>VOP. a. a. O.</ls>
VOP. 7,85. 86. ? <ls>VOP. 7,85. 86.</ls>
VOP. 20,21. 4. ? <ls>VOP. 20,21. 4.</ls>
VOP. 15,4). ? <ls>VOP. 15,4).</ls>
VOP. 8,88. 89 ? <ls>VOP. 8,88. 89</ls>
VOP. 12,3. 19,3. ? <ls>VOP. 12,3. 19,3.</ls>
VOP. 11,2. 13,1. ? <ls>VOP. 11,2. 13,1.</ls>
VOP. 8,77. 78 ? <ls>VOP. 8,77. 78</ls>
VOP. 8,112. 21,17. ? <ls>VOP. 8,112. 21,17.</ls>
VOP. 26,17. 18. ? <ls>VOP. 26,17. 18.</ls>
VOP. 6. 96. ? <ls>VOP. 6. 96.</ls>
VOP. 7,32. 33. ? <ls>VOP. 7,32. 33.</ls>
VOP. 4,26). ? <ls>VOP. 4,26).</ls>
VOP. 26,7. 19. ? <ls>VOP. 26,7. 19.</ls>
VOP. 7,1. 2. ? <ls>VOP. 7,1. 2.</ls>
VOP. 8,80. 118. ? <ls>VOP. 8,80. 118.</ls>
VOP. 8,80. 118. ? <ls>VOP. 8,80. 118.</ls>
VOP. 26,83. 85. ? <ls>VOP. 26,83. 85.</ls>
VOP. 26,83. 85. ? <ls>VOP. 26,83. 85.</ls>
VOP. 26,83. 85. ? <ls>VOP. 26,83. 85.</ls>
VOP. 26,49. 50. ? <ls>VOP. 26,49. 50.</ls>
VOP. 7,32. 33. ? <ls>VOP. 7,32. 33.</ls>
VOP. 8,46. 16,5 ? <ls>VOP. 8,46. 16,5</ls>
VOP. 26,1. 11,7. 24,5. ? <ls>VOP. 26,1. 11,7. 24,5.</ls>
VOP. 7,32. 33. ? <ls>VOP. 7,32. 33.</ls>
VOP. p. 176. ? <ls>VOP. p. 176.</ls>
VOP. 26,66. 67. ? <ls>VOP. 26,66. 67.</ls>
VOP. 26,69. 3,134. ? <ls>VOP. 26,69. 3,134.</ls>
VOP. 3,62. 4,12. ? <ls>VOP. 3,62. 4,12.</ls>
VOP. 8,66. 67. 11. 5. ? <ls>VOP. 8,66. 67. 11. 5.</ls>
VOP. 26,103. 204. 208 ? <ls>VOP. 26,103. 204. 208</ls>
VOP. 26,103. 104. ? <ls>VOP. 26,103. 104.</ls>
VOP. 3,5. 83. fgg. ? <ls>VOP. 3,5. 83. fgg.</ls>
VOP. 165. 6,6. ? <ls n="VOP.">165. 6,6.</ls>
VOP. 8. 49. 15,1. ? <ls>VOP. 8. 49. 15,1.</ls>
VOP. 8,37. 121. 13,1. ? <ls>VOP. 8,37. 121. 13,1.</ls>
VOP. 26,87. 88. 128. ? <ls>VOP. 26,87. 88. 128.</ls>
VOP. 15,1. 2. ? <ls>VOP. 15,1. 2.</ls>
VOP. 26,32. 8. ? <ls>VOP. 26,32. 8.</ls>
VOP. 8,60. 9,53. ? <ls>VOP. 8,60. 9,53.</ls>
VOP. 26,102. 105. 204. ? <ls>VOP. 26,102. 105. 204.</ls>
VOP. 8,60. 9,11. ? <ls>VOP. 8,60. 9,11.</ls>
VOP. 3,153. 8,127 ? <ls>VOP. 3,153. 8,127</ls>
VOP. 26,66. 67. ? <ls>VOP. 26,66. 67.</ls>
VOP. 6,49. 56. 57. ? <ls>VOP. 6,49. 56. 57.</ls>
VOP. 6. 56. ? <ls>VOP. 6. 56.</ls>
VOP. 8,91. 9,16. 37 ? <ls>VOP. 8,91. 9,16. 37</ls>
VOP. 26,88. 89. ? <ls>VOP. 26,88. 89.</ls>
VOP. 8,22. 51. ? <ls>VOP. 8,22. 51.</ls>
VOP. 8. 96. ? <ls>VOP. 8. 96.</ls>
VOP. 26,134. 3,153. ? <ls>VOP. 26,134. 3,153.</ls>
VOP. 19,3. 4. ? <ls>VOP. 19,3. 4.</ls>
VOP. 8,132. 23,14. ? <ls>VOP. 8,132. 23,14.</ls>
VOP. 8,80. 9,29. 30. ? <ls>VOP. 8,80. 9,29. 30.</ls>
VOP. 9,30. 26,132. 135. ? <ls>VOP. 9,30. 26,132. 135.</ls>
VOP. 18,22. 24,6. ? <ls>VOP. 18,22. 24,6.</ls>
VOP. 23. 52. ? <ls>VOP. 23. 52.</ls>
VOP. 6,47. 56. 57. ? <ls>VOP. 6,47. 56. 57.</ls>
VOP. 2,15. 6. 77. ? <ls>VOP. 2,15. 6. 77.</ls>
VOP. 9,13). ? <ls>VOP. 9,13).</ls>
VOP. 9,43. 44. ? <ls>VOP. 9,43. 44.</ls>
VOP. 26,66. 67. ? <ls>VOP. 26,66. 67.</ls>
VOP. 7,1. 9. ? <ls>VOP. 7,1. 9.</ls>
VOP. 11,5. 26,102 ? <ls>VOP. 11,5. 26,102</ls>
VOP. p. 176. ? <ls>VOP. p. 176.</ls>
VOP. 4,16 und S. 225. ? <ls>VOP. 4,16 und S. 225.</ls>
VOP. 8,64. 65. ? <ls>VOP. 8,64. 65.</ls>
VOP. 8,103. 119. ? <ls>VOP. 8,103. 119.</ls>
VOP. 3,68. 69. ? <ls>VOP. 3,68. 69.</ls>
VOP. 3,78. 42). ? <ls>VOP. 3,78. 42).</ls>
VOP. 26,66. 67. ? <ls>VOP. 26,66. 67.</ls>
VOP. S. 175 ? <ls>VOP. S. 175</ls>
VOP. 3,10. 6,14. ? <ls>VOP. 3,10. 6,14.</ls>
VOP. 8,134. 16,2 ? <ls>VOP. 8,134. 16,2</ls>
VOP. 8,124. 16,3. ? <ls>VOP. 8,124. 16,3.</ls>
VOP. 24,3. 5. ? <ls>VOP. 24,3. 5.</ls>
VOP. 19,5. 6. ? <ls>VOP. 19,5. 6.</ls>
VOP. 8,38. 58. ? <ls>VOP. 8,38. 58.</ls>
VOP. 26,88. 89. ? <ls>VOP. 26,88. 89.</ls>
VOP. 8,38. 58. ? <ls>VOP. 8,38. 58.</ls>
VOP. 8,38. 58. ? <ls>VOP. 8,38. 58.</ls>
VOP. 8,70. 87. ? <ls>VOP. 8,70. 87.</ls>
VOP. 9,34. 35. ? <ls>VOP. 9,34. 35.</ls>
VOP. S. 175. ? <ls>VOP. S. 175.</ls>
VOP. 11,7. 24,6. ? <ls n="VOP.">11,7. 24,6.</ls>
VOP. 20,2. 10. 17. ? <ls>VOP. 20,2. 10. 17.</ls>
VOP. 11,2. 13,4 ? <ls>VOP. 11,2. 13,4</ls>
VOP. 26,17. 18. ? <ls>VOP. 26,17. 18.</ls>
VOP. 20,8. 9. ? <ls>VOP. 20,8. 9.</ls>
VOP. 26,30. 36. ? <ls>VOP. 26,30. 36.</ls>
VOP. 26. 30. ? <ls>VOP. 26. 30.</ls>
VOP. 8,128. — S. 4. ? <ls>VOP. 8,128. — S. 4.</ls>
VOP. 12,2. 19,3. ? <ls>VOP. 12,2. 19,3.</ls>
VOP. S. 156. ? <ls>VOP. S. 156.</ls>
VOP. 8,75. 9,39. ? <ls>VOP. 8,75. 9,39.</ls>
VOP. S. 175. ? <ls>VOP. S. 175.</ls>
VOP. 7,19. 22. H. 381 ? <ls>VOP. 7,19. 22. H. 381</ls>
VOP. 7,19. 22. ? <ls>VOP. 7,19. 22.</ls>
VOP. 11,2. 14,1 ? <ls>VOP. 11,2. 14,1</ls>
VOP. S. 176. ? <ls>VOP. S. 176.</ls>
VOP. 10,7. 9,39 ? <ls>VOP. 10,7. 9,39</ls>
VOP. 11,6. 8,70. 128. ? <ls>VOP. 11,6. 8,70. 128.</ls>
VOP. 26,103. 104. ? <ls>VOP. 26,103. 104.</ls>
VOP. 23,55. 56. ? <ls>VOP. 23,55. 56.</ls>
VOP. 26,66. 67. ? <ls>VOP. 26,66. 67.</ls>
VOP. 7,73. 6,10. 34. 98. ? <ls>VOP. 7,73. 6,10. 34. 98.</ls>
VOP. 7,1. 8. ? <ls>VOP. 7,1. 8.</ls>
VOP. 6,51. 45. ? <ls>VOP. 6,51. 45.</ls>
VOP. S. 176. ? <ls>VOP. S. 176.</ls>
VOP. 8,73. 19,3. ? <ls>VOP. 8,73. 19,3.</ls>
VOP. 26,42. 4,6. ? <ls>VOP. 26,42. 4,6.</ls>
VOP. 26,17. 18. ? <ls>VOP. 26,17. 18.</ls>
VOP. 23. 36. ? <ls>VOP. 23. 36.</ls>
VOP. 19,8 — 10. ? <ls>VOP. 19,8 — 10.</ls>
VOP. 7,28. 30. ? <ls>VOP. 7,28. 30.</ls>
VOP. 8,124. 16,5. 26,217. II. intrans. ? <ls>VOP. 8,124. 16,5. 26,217. II. intrans.</ls>
VOP. 26,88. 89 ? <ls>VOP. 26,88. 89</ls>
VOP. 26. 36. ? <ls>VOP. 26. 36.</ls>
VOP. 8,52. 99. ? <ls>VOP. 8,52. 99.</ls>
VOP. 101. 100. ? <ls n="VOP.">101. 100.</ls>
VOP. S. 176. ? <ls>VOP. S. 176.</ls>
VOP. 14,1. 11,2 ? <ls>VOP. 14,1. 11,2</ls>
VOP. 11,4. 8,76. 77 ? <ls>VOP. 11,4. 8,76. 77</ls>
VOP. 4. 8. ? <ls n="VOP.">4. 8.</ls>
VOP. 5,15. 26,200. ? <ls>VOP. 5,15. 26,200.</ls>
VOP. 26,83. 84. ? <ls>VOP. 26,83. 84.</ls>
VOP. 26,83. 84. ? <ls>VOP. 26,83. 84.</ls>
VOP. 26,83. 84. ? <ls>VOP. 26,83. 84.</ls>
VOP. 8,116. 118. ? <ls>VOP. 8,116. 118.</ls>
VOP. 8,103. 106. ? <ls>VOP. 8,103. 106.</ls>
VOP. 3,146. 148. 165. ? <ls>VOP. 3,146. 148. 165.</ls>
VOP. 8,79. 9,53. ? <ls>VOP. 8,79. 9,53.</ls>
VOP. 7,32. 33. ? <ls>VOP. 7,32. 33.</ls>
VOP. 7,32. 33. ? <ls>VOP. 7,32. 33.</ls>
VOP. 3,9. 56. 163. 165. ? <ls>VOP. 3,9. 56. 163. 165.</ls>
VOP. 8,52. 107 ? <ls>VOP. 8,52. 107</ls>
VOP. 6,38. 39. ? <ls>VOP. 6,38. 39.</ls>
VOP. 3,12. 37 ? <ls>VOP. 3,12. 37</ls>
VOP. 7,32. 33. ? <ls>VOP. 7,32. 33.</ls>
VOP. 8,52. 12,5. 6 ? <ls>VOP. 8,52. 12,5. 6</ls>
VOP. 19,8. 10. 11. ? <ls>VOP. 19,8. 10. 11.</ls>
VOP. 8,85. 114. ? <ls>VOP. 8,85. 114.</ls>
VOP. 20,8. 9. ? <ls>VOP. 20,8. 9.</ls>
VOP. 7,32. 33. ? <ls>VOP. 7,32. 33.</ls>
VOP. 8,76. 77. 11,4 ? <ls>VOP. 8,76. 77. 11,4</ls>
VOP. 8,62. 102. ? <ls>VOP. 8,62. 102.</ls>
VOP. 8,77. 78. 92. 102. ? <ls>VOP. 8,77. 78. 92. 102.</ls>
VOP. 20,2. 8. ? <ls>VOP. 20,2. 8.</ls>
VOP. 8,25. 87 ? <ls>VOP. 8,25. 87</ls>
VOP. 8,52. 106. ? <ls>VOP. 8,52. 106.</ls>
VOP. 24,4. 5 ? <ls>VOP. 24,4. 5</ls>
VOP. 19,9. 12. ? <ls>VOP. 19,9. 12.</ls>
VOP. 8,22. 10,9. ? <ls>VOP. 8,22. 10,9.</ls>
VOP. 7,1. 9. ? <ls>VOP. 7,1. 9.</ls>
VOP. 8,103. 132. ? <ls>VOP. 8,103. 132.</ls>
VOP. 19,8. 11. 12. ? <ls>VOP. 19,8. 11. 12.</ls>
VOP. 3,161 — 163. 82. ? <ls>VOP. 3,161 — 163. 82.</ls>
VOP. 3,134. 164. ? <ls>VOP. 3,134. 164.</ls>
VOP. 8,130. 9,46. ? <ls>VOP. 8,130. 9,46.</ls>
VOP. 8,22. 9,46. ? <ls>VOP. 8,22. 9,46.</ls>
VOP. 11,5. 6 ? <ls>VOP. 11,5. 6</ls>
VOP. 26,88. 89. ? <ls>VOP. 26,88. 89.</ls>
VOP. 11,6. 19,1. ? <ls>VOP. 11,6. 19,1.</ls>
VOP. 11,6. 26,212. ? <ls>VOP. 11,6. 26,212.</ls>
VOP. 8,116. 11,7 ? <ls>VOP. 8,116. 11,7</ls>
VOP. 8,96. 46. ? <ls>VOP. 8,96. 46.</ls>
VOP. 24,10 — 12. ? <ls>VOP. 24,10 — 12.</ls>
VOP. 3,59. 65. ? <ls>VOP. 3,59. 65.</ls>
VOP. 7,63. 6,34. ? <ls>VOP. 7,63. 6,34.</ls>
VOP. 3,39. 151. ? <ls>VOP. 3,39. 151.</ls>
VOP. 7,2. 9. ? <ls>VOP. 7,2. 9.</ls>
VOP. 7,4. 18. ? <ls>VOP. 7,4. 18.</ls>
VOP. 7,32. 33. ? <ls>VOP. 7,32. 33.</ls>
VOP. 9,30. 31. ? <ls>VOP. 9,30. 31.</ls>
VOP. 9. 33 ? <ls>VOP. 9. 33</ls>
VOP. 8,80. 9,33. ? <ls>VOP. 8,80. 9,33.</ls>
VOP. 8,57. 96 ? <ls>VOP. 8,57. 96</ls>
VOP. 8,86 96 ? <ls>VOP. 8,86 96</ls>
VOP. 7,32. 33. ? <ls>VOP. 7,32. 33.</ls>
VOP. 6,20. 21. ? <ls>VOP. 6,20. 21.</ls>
VOP. 3,97. 8,45. ? <ls>VOP. 3,97. 8,45.</ls>
VOP. 9,6. 46 ? <ls>VOP. 9,6. 46</ls>
VOP. 6. 57. ? <ls>VOP. 6. 57.</ls>
VOP. 7. 18. ? <ls>VOP. 7. 18.</ls>
VOP. 21. 5. ? <ls>VOP. 21. 5.</ls>
VOP. S. 176 ? <ls>VOP. S. 176</ls>
VOP. 10,10. 12 ? <ls>VOP. 10,10. 12</ls>
VOP. 19. 9. 12. ? <ls>VOP. 19. 9. 12.</ls>
VOP. 8,22. 10,11. ? <ls>VOP. 8,22. 10,11.</ls>
VOP. 12,5. 6. ? <ls>VOP. 12,5. 6.</ls>
VOP. 26. 76. ? <ls>VOP. 26. 76.</ls>
VOP. 8,96. 16,2. ? <ls>VOP. 8,96. 16,2.</ls>
VOP. 8,64. 65. ? <ls>VOP. 8,64. 65.</ls>
VOP. 26,88. 89. ? <ls>VOP. 26,88. 89.</ls>
VOP. 8,86. 18,1 ? <ls>VOP. 8,86. 18,1</ls>
VOP. 3,106. 153. ? <ls>VOP. 3,106. 153.</ls>
VOP. S. 176. ? <ls>VOP. S. 176.</ls>
VOP. 26,202. 213. ? <ls>VOP. 26,202. 213.</ls>
VOP. 3,39. 76. ? <ls>VOP. 3,39. 76.</ls>
VOP. 7,1. 9. ? <ls>VOP. 7,1. 9.</ls>
VOP. 5,29. 14,1. ? <ls>VOP. 5,29. 14,1.</ls>
VOP. 6,48. 56. 57. ? <ls>VOP. 6,48. 56. 57.</ls>
VOP. 8,22. 9,39. ? <ls>VOP. 8,22. 9,39.</ls>
VOP. 8,22. 75. ? <ls>VOP. 8,22. 75.</ls>
VOP. 10,8. 9 ? <ls>VOP. 10,8. 9</ls>
VOP. 7,32. 33. ? <ls>VOP. 7,32. 33.</ls>
VOP. 5,23. 24. ? <ls>VOP. 5,23. 24.</ls>
VOP. 8,103. 11,2. ? <ls>VOP. 8,103. 11,2.</ls>
VOP. 7,90. 16,5, v. l. ? <ls>VOP. 7,90. 16,5, v. l.</ls>
VOP. 3,59. 60. ? <ls>VOP. 3,59. 60.</ls>
VOP. 9,11. 13,6. ? <ls>VOP. 9,11. 13,6.</ls>
VOP. 8,46. 60. ? <ls>VOP. 8,46. 60.</ls>
VOP. 7,4. 18. ? <ls>VOP. 7,4. 18.</ls>
VOP. 7,4. 18. ? <ls>VOP. 7,4. 18.</ls>
VOP. 25,11. 13. ? <ls>VOP. 25,11. 13.</ls>
VOP. 7,4. 18. ? <ls>VOP. 7,4. 18.</ls>
VOP. 7,4. 18. ? <ls>VOP. 7,4. 18.</ls>
VOP. 9,55. 26,58. ? <ls>VOP. 9,55. 26,58.</ls>
VOP. 5,12. 25,17. ? <ls>VOP. 5,12. 25,17.</ls>
VOP. 7. 37. ? <ls>VOP. 7. 37.</ls>
VOP. 7,88. 21,9 ? <ls>VOP. 7,88. 21,9</ls>
VOP. S. 176. ? <ls>VOP. S. 176.</ls>
VOP. 8,64. 108. ? <ls>VOP. 8,64. 108.</ls>
VOP. 8,65. 108. 109. ? <ls>VOP. 8,65. 108. 109.</ls>
VOP. 19,8. 9. ? <ls>VOP. 19,8. 9.</ls>
VOP. S. 1. ? <ls>VOP. S. 1.</ls>
VOP. 3,119-121. ? <ls>VOP. 3,119-121.</ls>
VOP. 6,69. 91. ? <ls>VOP. 6,69. 91.</ls>
VOP. 3. 8 ? <ls n="VOP.">3. 8</ls>
VOP. 19,9. 12. ? <ls>VOP. 19,9. 12.</ls>
VOP. 8,22. 11,7. ? <ls>VOP. 8,22. 11,7.</ls>
VOP. 3,39. 145. 146. ? <ls>VOP. 3,39. 145. 146.</ls>
VOP. S. 176. ? <ls>VOP. S. 176.</ls>
VOP. 8,116. 11,7. ? <ls>VOP. 8,116. 11,7.</ls>
VOP.) ? <ls>VOP.)</ls>
VOP. 26,71. 3,134. ? <ls>VOP. 26,71. 3,134.</ls>
VOP. 7,32. 33. ? <ls>VOP. 7,32. 33.</ls>
VOP. S. 176. ? <ls>VOP. S. 176.</ls>
VOP. 18,6. 23,58. ? <ls>VOP. 18,6. 23,58.</ls>
VOP. 26,30 v. l. ? <ls>VOP. 26,30 v. l.</ls>
VOP. 26,17. 18. ? <ls>VOP. 26,17. 18.</ls>
VOP. 7,32. 33. ? <ls>VOP. 7,32. 33.</ls>
VOP. 7,2. 7. ? <ls>VOP. 7,2. 7.</ls>
VOP. 7,1. 8. ? <ls>VOP. 7,1. 8.</ls>
VOP. 7,111) ? <ls>VOP. 7,111)</ls>
VOP. 7,32. 33. ? <ls>VOP. 7,32. 33.</ls>
VOP. 46. 117. ? <ls n="VOP.">46. 117.</ls>
VOP. 26,88. 89. 116. ? <ls>VOP. 26,88. 89. 116.</ls>
VOP. 3,94. 6,4. 11. 34. 7,49. ? <ls>VOP. 3,94. 6,4. 11. 34. 7,49.</ls>
VOP. 3,59. 82. ? <ls>VOP. 3,59. 82.</ls>
VOP. 3,107. fgg. 149 ? <ls>VOP. 3,107. fgg. 149</ls>
VOP. 8,38. 11,3. ? <ls>VOP. 8,38. 11,3.</ls>
VOP. 26,103. 104. 208 ? <ls>VOP. 26,103. 104. 208</ls>
VOP. 9,53. 10,3, v. l. 11,7. ? <ls>VOP. 9,53. 10,3, v. l. 11,7.</ls>
VOP. 3,9. 12. 37. ? <ls>VOP. 3,9. 12. 37.</ls>
VOP. 3,111. 113. ? <ls>VOP. 3,111. 113.</ls>
VOP. 3,39. 76 ? <ls>VOP. 3,39. 76</ls>
VOP. 7,1. 9. ? <ls>VOP. 7,1. 9.</ls>
VOP. 7,44. 73. ? <ls>VOP. 7,44. 73.</ls>
VOP. 19,6. 7. ? <ls>VOP. 19,6. 7.</ls>
VOP. 9,46. 18,17. ? <ls>VOP. 9,46. 18,17.</ls>
VOP. 15,4. 23,25. ? <ls>VOP. 15,4. 23,25.</ls>
VOP. 26,69. 3,147 ? <ls>VOP. 26,69. 3,147</ls>
VOP. 3,59. 82. 95. ? <ls>VOP. 3,59. 82. 95.</ls>
VOP. 6,15. 16. ? <ls>VOP. 6,15. 16.</ls>
VOP. 26,74. 3,125. 2,34. ? <ls>VOP. 26,74. 3,125. 2,34.</ls>
VOP. 6,13. 15. ? <ls>VOP. 6,13. 15.</ls>
VOP. 25. 17. ? <ls>VOP. 25. 17.</ls>
VOP. 8,52. 127. ? <ls>VOP. 8,52. 127.</ls>
VOP. 8,52. 71. ? <ls>VOP. 8,52. 71.</ls>
VOP. 23. 58. ? <ls>VOP. 23. 58.</ls>
VOP. 7,1. 2. ? <ls>VOP. 7,1. 2.</ls>
VOP. 26,66. 67 ? <ls>VOP. 26,66. 67</ls>
VOP. 8,116. 11,7 ? <ls>VOP. 8,116. 11,7</ls>
VOP. 26. 23. ? <ls>VOP. 26. 23.</ls>
VOP. 8,52. 132 ? <ls>VOP. 8,52. 132</ls>
VOP. 26. 3. ? <ls>VOP. 26. 3.</ls>
VOP. 3,9. 148. fg. 4,12. ? <ls>VOP. 3,9. 148. fg. 4,12.</ls>
VOP. 25. 1,5,26. ? <ls>VOP. 25. 1,5,26.</ls>
VOP. 3. 167. 4,12 ? <ls>VOP. 3. 167. 4,12</ls>
VOP. 8,11. 139. ? <ls>VOP. 8,11. 139.</ls>
VOP. 26. 20. ? <ls>VOP. 26. 20.</ls>
VOP. 24,1. 6. 8,33. ? <ls>VOP. 24,1. 6. 8,33.</ls>
VOP. 26. 88. fg. ? <ls>VOP. 26. 88. fg.</ls>
VOP. 26,60. 61. ? <ls>VOP. 26,60. 61.</ls>
VOP. 8,33. 24,6. ? <ls>VOP. 8,33. 24,6.</ls>
VOP. 23. 55. ? <ls>VOP. 23. 55.</ls>
VOP. 25,1. 26,86. ? <ls>VOP. 25,1. 26,86.</ls>
VOP. 23,28). 3,2,22. 5,1,56. ? <ls>VOP. 23,28). 3,2,22. 5,1,56.</ls>
VOP. 26,17. 18. ? <ls>VOP. 26,17. 18.</ls>
VOP. 26. 186. ? <ls>VOP. 26. 186.</ls>
VOP. 21. 8. ? <ls>VOP. 21. 8.</ls>
VOP. 2,49. 50. ? <ls>VOP. 2,49. 50.</ls>
VOP. 8,124. 135. 13,1. ? <ls>VOP. 8,124. 135. 13,1.</ls>
VOP. 8,67. 125. 11,3. ? <ls>VOP. 8,67. 125. 11,3.</ls>
VOP. 3,77. 78. ? <ls>VOP. 3,77. 78.</ls>
VOP. 3,114-117 ? <ls>VOP. 3,114-117</ls>
VOP. 4,12). ? <ls>VOP. 4,12).</ls>
VOP. 11,4. 13,4. ? <ls>VOP. 11,4. 13,4.</ls>
VOP. 8,39. 40. ? <ls>VOP. 8,39. 40.</ls>
VOP. 26,88. 89 ? <ls>VOP. 26,88. 89</ls>
VOP. 5,7. 8,103. ? <ls>VOP. 5,7. 8,103.</ls>
VOP. 8,103. 119. ? <ls>VOP. 8,103. 119.</ls>
VOP. 3,77. fg. 9,25. ? <ls>VOP. 3,77. fg. 9,25.</ls>
VOP. 8,76. fg. 13,4. ? <ls>VOP. 8,76. fg. 13,4.</ls>
VOP. 20,8. 9. ? <ls>VOP. 20,8. 9.</ls>
VOP. 3,87. 148. ? <ls>VOP. 3,87. 148.</ls>
VOP. 6,10. 7,73. ? <ls>VOP. 6,10. 7,73.</ls>
VOP. 10,4. 12. ? <ls>VOP. 10,4. 12.</ls>
VOP. 8,22. 10,12. ? <ls>VOP. 8,22. 10,12.</ls>
VOP. 8,85. 9,16. ? <ls>VOP. 8,85. 9,16.</ls>
VOP. 19,9. 12. ? <ls>VOP. 19,9. 12.</ls>
VOP. 20,1. 4. ? <ls>VOP. 20,1. 4.</ls>
VOP. 8,22. 9,16. ? <ls>VOP. 8,22. 9,16.</ls>
VOP. 7,1. 9. ? <ls>VOP. 7,1. 9.</ls>
VOP. 7,1. 9. ? <ls>VOP. 7,1. 9.</ls>
VOP. 1,17. 2,19. 7,82. ? <ls>VOP. 1,17. 2,19. 7,82.</ls>
VOP. 5,12. 7,92. ? <ls>VOP. 5,12. 7,92.</ls>
VOP. 6,11. 12. ? <ls>VOP. 6,11. 12.</ls>
VOP. 7,1. 5. ? <ls>VOP. 7,1. 5.</ls>
VOP. 12,1. 26,212 ? <ls>VOP. 12,1. 26,212</ls>
VOP. 19,9. 12. ? <ls>VOP. 19,9. 12.</ls>
VOP. 12,1. 16,1. ? <ls>VOP. 12,1. 16,1.</ls>
VOP. 12,1. 26,212 ? <ls>VOP. 12,1. 26,212</ls>
VOP. 19,9. 12. ? <ls>VOP. 19,9. 12.</ls>
VOP. 8,22. 16,1. ? <ls>VOP. 8,22. 16,1.</ls>
VOP. 11,3. 5. ? <ls>VOP. 11,3. 5.</ls>
VOP. 26,88. 89. 108. ? <ls>VOP. 26,88. 89. 108.</ls>
VOP. 104. 109. ? <ls n="VOP.">104. 109.</ls>
VOP. 24,5. 26,130. ? <ls>VOP. 24,5. 26,130.</ls>
VOP. S. 176. ? <ls>VOP. S. 176.</ls>
VOP. 6,15. 24,13. ? <ls>VOP. 6,15. 24,13.</ls>
VOP. 2. p. ? <ls n="VOP.">2. p.</ls>
VOP. 19. 16. 26,207. ? <ls>VOP. 19. 16. 26,207.</ls>
VOP. 3,101. 11,4. ? <ls>VOP. 3,101. 11,4.</ls>
VOP. 20,1. 3. ? <ls>VOP. 20,1. 3.</ls>
VOP. 6,43. 51. ? <ls>VOP. 6,43. 51.</ls>
VOP.). ? <ls>VOP.).</ls>
VOP. 8,70. 87. ? <ls>VOP. 8,70. 87.</ls>
VOP. 8,38. 58. ? <ls>VOP. 8,38. 58.</ls>
VOP. 8,38. 58. ? <ls>VOP. 8,38. 58.</ls>
VOP. 25,17. 23. ? <ls>VOP. 25,17. 23.</ls>
VOP. 3,9. 56. ? <ls>VOP. 3,9. 56.</ls>
VOP. 3,39. 165. ? <ls>VOP. 3,39. 165.</ls>
VOP. 8,124. 133. fg. ? <ls>VOP. 8,124. 133. fg.</ls>
VOP. 23,19. 48. ? <ls>VOP. 23,19. 48.</ls>
VOP. 8,67. 11,5. ? <ls>VOP. 8,67. 11,5.</ls>
VOP. 8,67. 11,5. ? <ls>VOP. 8,67. 11,5.</ls>
VOP. 8,67. 11,5. ? <ls>VOP. 8,67. 11,5.</ls>
VOP. 8,22. 9,16. ? <ls>VOP. 8,22. 9,16.</ls>
VOP. 26,8. 9. 12. ? <ls>VOP. 26,8. 9. 12.</ls>
VOP. 7,1. 10. ? <ls>VOP. 7,1. 10.</ls>
VOP. 7,1. 9. ? <ls>VOP. 7,1. 9.</ls>
VOP. 3,1. 8,1. ? <ls>VOP. 3,1. 8,1.</ls>
VOP. 30. 6,9 Anf. ? <ls n="VOP.">30. 6,9 Anf.</ls>
VOP. 6,58, Anf. ? <ls>VOP. 6,58, Anf.</ls>
VOP. 6,58, Anf. ? <ls>VOP. 6,58, Anf.</ls>
VOP. 7,1. 5. ? <ls>VOP. 7,1. 5.</ls>
VOP. 8,133. 18,22. ? <ls>VOP. 8,133. 18,22.</ls>
VOP. 8,46. 11,4. ? <ls>VOP. 8,46. 11,4.</ls>
VOP. 19,9. 12. ? <ls>VOP. 19,9. 12.</ls>
VOP. 8,133. 26,174. ? <ls>VOP. 8,133. 26,174.</ls>
VOP. 3,77. fg. 134. ? <ls>VOP. 3,77. fg. 134.</ls>
VOP. 6,46. 51. 57. ? <ls>VOP. 6,46. 51. 57.</ls>
VOP. 6,46. 51. ? <ls>VOP. 6,46. 51.</ls>
VOP. 8,52. 11,3. ? <ls>VOP. 8,52. 11,3.</ls>
VOP. 8,34. 9,27. ? <ls>VOP. 8,34. 9,27.</ls>
VOP. 19,16. 26,207. ? <ls>VOP. 19,16. 26,207.</ls>
VOP. 7,1. 9. ? <ls>VOP. 7,1. 9.</ls>
VOP. 19,9. 12. ? <ls>VOP. 19,9. 12.</ls>
VOP. 8,67. 128. ? <ls>VOP. 8,67. 128.</ls>
VOP. 8,91. 13,1. ? <ls>VOP. 8,91. 13,1.</ls>
VOP. 12,1. 23,53 ? <ls>VOP. 12,1. 23,53</ls>
VOP. 12,1. 26,212. ? <ls>VOP. 12,1. 26,212.</ls>
VOP. 18,15. 23,53. ? <ls>VOP. 18,15. 23,53.</ls>
VOP. 3,54. 91. 169. 6,3 ? <ls>VOP. 3,54. 91. 169. 6,3</ls>
VOP. 1,13. 3,16. ? <ls>VOP. 1,13. 3,16.</ls>
VOP. 1,13. 2,16. 49. 3,41. 116. 165. ? <ls>VOP. 1,13. 2,16. 49. 3,41. 116. 165.</ls>
VOP. 8,79. 11,5. ? <ls>VOP. 8,79. 11,5.</ls>
VOP. 7,55. 82. 88. 9,32. 46. ? <ls>VOP. 7,55. 82. 88. 9,32. 46.</ls>
VOP. 6,24. 76. ? <ls>VOP. 6,24. 76.</ls>
VOP. 8,124. 9,25. ? <ls>VOP. 8,124. 9,25.</ls>
VOP. 8,91. 125. 9,56. ? <ls>VOP. 8,91. 125. 9,56.</ls>
VOP. 26,132. 135. ? <ls>VOP. 26,132. 135.</ls>
VOP. 1,11. 24,6. ? <ls>VOP. 1,11. 24,6.</ls>
VOP. 8,47. 141. ? <ls>VOP. 8,47. 141.</ls>
VOP. 8,49. 9,9. ? <ls>VOP. 8,49. 9,9.</ls>
VOP. 11,7. 24,6. ? <ls>VOP. 11,7. 24,6.</ls>
VOP. 8,22. 134. ? <ls>VOP. 8,22. 134.</ls>
VOP. 8,52. 125. ? <ls>VOP. 8,52. 125.</ls>
VOP. 8,52. 125. ? <ls>VOP. 8,52. 125.</ls>
VOP. 11,7. 24,6. ? <ls n="VOP.">11,7. 24,6.</ls>
VOP. 8,99. 12,3. 16,5. ? <ls>VOP. 8,99. 12,3. 16,5.</ls>
VOP. 12,3. 16,5. ? <ls>VOP. 12,3. 16,5.</ls>
VOP. 8,99. 12,3. 19,3. ? <ls>VOP. 8,99. 12,3. 19,3.</ls>
VOP. 26,47. 4,10. ? <ls>VOP. 26,47. 4,10.</ls>
VOP. 2,31. 3,34. ? <ls>VOP. 2,31. 3,34.</ls>
VOP. 5,27. 25,1. ? <ls>VOP. 5,27. 25,1.</ls>
VOP. 8,121. 19,2. ? <ls>VOP. 8,121. 19,2.</ls>
VOP. 6,33. 58. ? <ls>VOP. 6,33. 58.</ls>
VOP. 6,46. 51. ? <ls>VOP. 6,46. 51.</ls>
VOP. 8,141. 3,34. ? <ls>VOP. 8,141. 3,34.</ls>
VOP. 26,102. 204. ? <ls>VOP. 26,102. 204.</ls>
VOP. S. 176. ? <ls>VOP. S. 176.</ls>
VOP. 8,126. 134. ? <ls>VOP. 8,126. 134.</ls>
VOP. 8,22. 134. ? <ls>VOP. 8,22. 134.</ls>
VOP. 6,53, Anf. ? <ls>VOP. 6,53, Anf.</ls>
VOP. 8,124. 135. fgg. ? <ls>VOP. 8,124. 135. fgg.</ls>
VOP. 3,143. 26,10. ? <ls>VOP. 3,143. 26,10.</ls>
VOP. S. 176. ? <ls>VOP. S. 176.</ls>
VOP. S. 176. ? <ls>VOP. S. 176.</ls>
VOP. 7,1. 8. ? <ls>VOP. 7,1. 8.</ls>
VOP. 7,1. 9. ? <ls>VOP. 7,1. 9.</ls>
VOP. 5,10. 20. ? <ls>VOP. 5,10. 20.</ls>
VOP. 26. 154. ? <ls>VOP. 26. 154.</ls>
VOP. 7,1. 10. ? <ls>VOP. 7,1. 10.</ls>
VOP. 26,7. 25. ? <ls>VOP. 26,7. 25.</ls>
VOP. 19,16. 26,207. ? <ls>VOP. 19,16. 26,207.</ls>
VOP. 7,27. S. 176. ? <ls>VOP. 7,27. S. 176.</ls>
VOP. 5,7. 10. 21. ? <ls>VOP. 5,7. 10. 21.</ls>
VOP. 8,38. 10,9. ? <ls>VOP. 8,38. 10,9.</ls>
VOP. 7,56. 58. ? <ls>VOP. 7,56. 58.</ls>
VOP. 4,7). ? <ls>VOP. 4,7).</ls>
VOP. 7,4. 18. ? <ls>VOP. 7,4. 18.</ls>
VOP. 7,1. 4. ? <ls>VOP. 7,1. 4.</ls>
VOP. 7,1. 5. ? <ls>VOP. 7,1. 5.</ls>
VOP. S. 176. ? <ls>VOP. S. 176.</ls>
VOP. 6,33. 23,55 ? <ls>VOP. 6,33. 23,55</ls>
VOP. 8,124. 11,3. ? <ls>VOP. 8,124. 11,3.</ls>
VOP. 8,62. 139. ? <ls>VOP. 8,62. 139.</ls>
VOP. 7,1. 4. ? <ls>VOP. 7,1. 4.</ls>
VOP. 7,4. N. ? <ls>VOP. 7,4. N.</ls>
VOP. 5,4. 21. 6,30. ? <ls>VOP. 5,4. 21. 6,30.</ls>
VOP. 8,47. 58. ? <ls>VOP. 8,47. 58.</ls>
VOP. 20,2. 4. ? <ls>VOP. 20,2. 4.</ls>
VOP. 8,124. 135. 13,1. ? <ls n="VOP.">8,124. 135. 13,1.</ls>
VOP. 16,2. 5. ? <ls>VOP. 16,2. 5.</ls>
VOP. 3,39. 165. ? <ls>VOP. 3,39. 165.</ls>
VOP. 11,3. 5. ? <ls>VOP. 11,3. 5.</ls>
VOP. 8,22. 11,5. ? <ls>VOP. 8,22. 11,5.</ls>
VOP. 3,143. 5,26. ? <ls n="VOP.">3,143. 5,26.</ls>
VOP. 8,52. 80. ? <ls>VOP. 8,52. 80.</ls>
VOP. 8,87. 11,3. ? <ls>VOP. 8,87. 11,3.</ls>
VOP. 8,103. 132. ? <ls>VOP. 8,103. 132.</ls>
VOP. 3,34. 9,36. 3. ? <ls>VOP. 3,34. 9,36. 3.</ls>
VOP. 9,8. 36. ? <ls>VOP. 9,8. 36.</ls>
VOP. 8,38. 9,36. ? <ls>VOP. 8,38. 9,36.</ls>
VOP. 8,111. 18,1. ? <ls>VOP. 8,111. 18,1.</ls>
VOP. 19,9. 12. ? <ls>VOP. 19,9. 12.</ls>
VOP. 26,104. 129. ? <ls>VOP. 26,104. 129.</ls>
VOP. 3,38. 89. ? <ls>VOP. 3,38. 89.</ls>
VOP. S. 176. ? <ls>VOP. S. 176.</ls>
VOP. 7,1. 10. ? <ls>VOP. 7,1. 10.</ls>
VOP. 3,132. 7,23. ? <ls>VOP. 3,132. 7,23.</ls>
VOP. 7,1. 5. ? <ls>VOP. 7,1. 5.</ls>
VOP. 7,4. 18. ? <ls>VOP. 7,4. 18.</ls>
VOP. 7,4. 18. fg. ? <ls>VOP. 7,4. 18. fg.</ls>
VOP. 7,4. 18. ? <ls>VOP. 7,4. 18.</ls>
VOP. 25,11 — 14. 18. ? <ls>VOP. 25,11 — 14. 18.</ls>
VOP. 8,52. 12,6. 16,5. ? <ls>VOP. 8,52. 12,6. 16,5.</ls>
VOP. 11,7. 24,6. ? <ls>VOP. 11,7. 24,6.</ls>
VOP. 7,32. fg. 23,22. ? <ls>VOP. 7,32. fg. 23,22.</ls>
VOP. 8,86. 132. ? <ls>VOP. 8,86. 132.</ls>
VOP. 8,60. 132. ? <ls>VOP. 8,60. 132.</ls>
VOP. 3,80. 82. ? <ls n="VOP.">3,80. 82.</ls>
VOP. S. 175. ? <ls>VOP. S. 175.</ls>
VOP. 5,2. 25,19. ? <ls>VOP. 5,2. 25,19.</ls>
VOP. 8,57. 95. ? <ls>VOP. 8,57. 95.</ls>
VOP. 26,204). ? <ls>VOP. 26,204).</ls>
VOP. 6. 8 ? <ls n="VOP.">6. 8</ls>
VOP. 8,78. 11,3. ? <ls>VOP. 8,78. 11,3.</ls>
VOP. 8,49. 9,27. ? <ls>VOP. 8,49. 9,27.</ls>
VOP. 8,38. 47. 86. 125. 141. ? <ls>VOP. 8,38. 47. 86. 125. 141.</ls>
VOP. 8,142. 18,1. ? <ls>VOP. 8,142. 18,1.</ls>
VOP. 8,142. 19,1. ? <ls>VOP. 8,142. 19,1.</ls>
VOP. 8,142. 20,1. 4. ? <ls>VOP. 8,142. 20,1. 4.</ls>
VOP. 7,4. 18. ? <ls>VOP. 7,4. 18.</ls>
VOP. 7,4. 18. ? <ls>VOP. 7,4. 18.</ls>
VOP. 26,65. 3,102. 107. fgg. fem. ? <ls>VOP. 26,65. 3,102. 107. fgg. fem.</ls>
VOP. 6,35. 7,76. ? <ls>VOP. 6,35. 7,76.</ls>
VOP. 2,27. 3,149. ? <ls>VOP. 2,27. 3,149.</ls>
VOP. 8,42. 66. 71. ? <ls>VOP. 8,42. 66. 71.</ls>
VOP. 8,42. 106, ? <ls>VOP. 8,42. 106,</ls>
VOP. 5,21. 30. ? <ls>VOP. 5,21. 30.</ls>
VOP. 6,18. 25. 43. ? <ls>VOP. 6,18. 25. 43.</ls>
VOP. 6,37. 56 ? <ls>VOP. 6,37. 56</ls>
VOP. S. 176. ? <ls>VOP. S. 176.</ls>
VOP. S. 176. ? <ls>VOP. S. 176.</ls>
VOP. vor 6,34. ? <ls>VOP. vor 6,34.</ls>
VOP. 3,150. 164. ? <ls>VOP. 3,150. 164.</ls>
VOP. 49; s. u. ? <ls n="VOP.">49; s. u.</ls>
VOP. 20,2. 5. ? <ls>VOP. 20,2. 5.</ls>
VOP. 8,45. 107. 126. ? <ls>VOP. 8,45. 107. 126.</ls>
VOP. 8,45. 126. ? <ls>VOP. 8,45. 126.</ls>
VOP. 26,83. 85. ? <ls>VOP. 26,83. 85.</ls>
VOP. 26,83. 85. ? <ls>VOP. 26,83. 85.</ls>
VOP. 26,83. 85. ? <ls>VOP. 26,83. 85.</ls>
VOP. 8,125. 15,1. ? <ls>VOP. 8,125. 15,1.</ls>
VOP. 8,128. 19,8. ? <ls>VOP. 8,128. 19,8.</ls>
VOP. 6,72) s. u. 1. ? <ls>VOP. 6,72) s. u. 1.</ls>
VOP. 3,37, Śl. 1. ? <ls>VOP. 3,37, Śl. 1.</ls>
VOP. 5,10. 23. ? <ls>VOP. 5,10. 23.</ls>
VOP. Einl. ? <ls>VOP. Einl.</ls>
VOP. 8,62. 77. 13,4. ? <ls>VOP. 8,62. 77. 13,4.</ls>
VOP. 8,77. 13,4. ? <ls>VOP. 8,77. 13,4.</ls>
VOP. 8,76. fg. 97. ? <ls>VOP. 8,76. fg. 97.</ls>
VOP. 3,37, Śl. 3. ? <ls>VOP. 3,37, Śl. 3.</ls>
VOP. 8,79. 125. fg. ? <ls>VOP. 8,79. 125. fg.</ls>
VOP. 8,45. 126. ? <ls>VOP. 8,45. 126.</ls>
VOP. 8,45. 125. ? <ls>VOP. 8,45. 125.</ls>
VOP. 8,45. 125. ? <ls>VOP. 8,45. 125.</ls>
VOP. 8,87. 11,3. ? <ls>VOP. 8,87. 11,3.</ls>
VOP. 8,85. 11,3. ? <ls>VOP. 8,85. 11,3.</ls>
VOP. 8,45. 11,3. ? <ls>VOP. 8,45. 11,3.</ls>
VOP. 8,22. 45. 11,3. ? <ls>VOP. 8,22. 45. 11,3.</ls>
VOP. 6,58, Anf. 7,85. ? <ls>VOP. 6,58, Anf. 7,85.</ls>
VOP. 8,91. 13,1. ? <ls>VOP. 8,91. 13,1.</ls>
VOP. 8,45. 13,1. ? <ls>VOP. 8,45. 13,1.</ls>
VOP. 8,45. 20,4. ? <ls>VOP. 8,45. 20,4.</ls>
VOP. 11,1. partic. ? <ls n="VOP.">11,1. partic.</ls>
VOP. 8,45. 18,1 ? <ls>VOP. 8,45. 18,1</ls>
VOP. 4,29,2. 10,148,1. ? <ls n="VOP.">4,29,2. 10,148,1.</ls>
VOP. 11,1. 12, ? <ls>VOP. 11,1. 12,</ls>
VOP. 8,46. 12, Anf. ? <ls n="VOP.">8,46. 12, Anf.</ls>
VOP. 8,45. 12, ? <ls>VOP. 8,45. 12,</ls>
VOP. 8,45. 13,1. ? <ls>VOP. 8,45. 13,1.</ls>
VOP. 8,40. 46. 11,5. ? <ls>VOP. 8,40. 46. 11,5.</ls>
VOP. 26,88. fg.). ? <ls>VOP. 26,88. fg.).</ls>
VOP. S. 176. ? <ls>VOP. S. 176.</ls>
VOP. 3,145. fg. 6,31. ? <ls>VOP. 3,145. fg. 6,31.</ls>
VOP. 7,2. 18. ? <ls>VOP. 7,2. 18.</ls>
VOP. 3,65. 82. ? <ls>VOP. 3,65. 82.</ls>
VOP. 3,76. 82. ? <ls>VOP. 3,76. 82.</ls>
VOP. 3,82. 96. ? <ls>VOP. 3,82. 96.</ls>
VOP. 23,19. 25). ? <ls>VOP. 23,19. 25).</ls>
VOP. 20,1. 3. ? <ls>VOP. 20,1. 3.</ls>
VOP. 20,1. 3. ? <ls>VOP. 20,1. 3.</ls>
VOP. 8,45. 118. ? <ls>VOP. 8,45. 118.</ls>
VOP. 8,45. 118. ? <ls>VOP. 8,45. 118.</ls>
VOP. 8,45. 118. ? <ls>VOP. 8,45. 118.</ls>
VOP. 7,1. 5. ? <ls>VOP. 7,1. 5.</ls>
VOP. 7,2. 7. ? <ls>VOP. 7,2. 7.</ls>
VOP. 4,12. 7,22. ? <ls>VOP. 4,12. 7,22.</ls>
VOP. 7,4. 18. ? <ls>VOP. 7,4. 18.</ls>
VOP. 7,4. 18. ? <ls>VOP. 7,4. 18.</ls>
VOP. 7,4. 18. ? <ls>VOP. 7,4. 18.</ls>
VOP. 7,1. 4. ? <ls>VOP. 7,1. 4.</ls>
VOP. 7,4. 18. ? <ls>VOP. 7,4. 18.</ls>
VOP. 7,4. 18. ? <ls>VOP. 7,4. 18.</ls>
VOP. 7,4. 18. ? <ls>VOP. 7,4. 18.</ls>
VOP. 8,98. 16,1. ? <ls>VOP. 8,98. 16,1.</ls>
VOP. 8,45. 16,1. ? <ls>VOP. 8,45. 16,1.</ls>
VOP. 8,45. 18,1. ? <ls>VOP. 8,45. 18,1.</ls>
VOP. 12,2. 3. ? <ls>VOP. 12,2. 3.</ls>
VOP. 12,2. 3. ? <ls>VOP. 12,2. 3.</ls>
VOP. 8,57. 9,53. ? <ls>VOP. 8,57. 9,53.</ls>
VOP. 8,79. 9,53. ? <ls>VOP. 8,79. 9,53.</ls>
VOP. 8,96. 9,53. ? <ls>VOP. 8,96. 9,53.</ls>
VOP. 24,2. 3. ? <ls>VOP. 24,2. 3.</ls>
VOP. 8,45. 9,53. ? <ls>VOP. 8,45. 9,53.</ls>
VOP. 8,45. 9,53. ? <ls>VOP. 8,45. 9,53.</ls>
VOP. 26,17. fg. 25. ? <ls>VOP. 26,17. fg. 25.</ls>
VOP. 8,45. 108. ? <ls>VOP. 8,45. 108.</ls>
VOP. 9,39. 12,2. ? <ls>VOP. 9,39. 12,2.</ls>
VOP. 3,20. fgg. 81. fg. ? <ls>VOP. 3,20. fgg. 81. fg.</ls>
VOP. 5,2. 26,129. ? <ls>VOP. 5,2. 26,129.</ls>
VOP. 8,45. 87. ? <ls>VOP. 8,45. 87.</ls>
VOP. 8,106, Anf. ? <ls>VOP. 8,106, Anf.</ls>
VOP. ebend. 36. ? <ls>VOP. ebend. 36.</ls>
VOP. 8,60. 69. ? <ls>VOP. 8,60. 69.</ls>
VOP. 9,11. pass. refl. ? <ls n="VOP.">9,11. pass. refl.</ls>
VOP. 3,39. 95. ? <ls>VOP. 3,39. 95.</ls>
VOP. 8,76. fg. 13,4. ? <ls>VOP. 8,76. fg. 13,4.</ls>
VOP. 3,134. 149. ? <ls>VOP. 3,134. 149.</ls>
VOP. 8,46. 115. ? <ls>VOP. 8,46. 115.</ls>
VOP. 8,98. 13,6. ? <ls>VOP. 8,98. 13,6.</ls>
VOP. 8,98. 13,6. ? <ls>VOP. 8,98. 13,6.</ls>
VOP. 7,4. 18. ? <ls>VOP. 7,4. 18.</ls>
VOP. 5,13. 9,15. 25,29. ? <ls>VOP. 5,13. 9,15. 25,29.</ls>
VOP. 26,174. 8,126 ? <ls>VOP. 26,174. 8,126</ls>
VOP. 3,134. 163. ? <ls>VOP. 3,134. 163.</ls>
VOP. 3,106. 153. ? <ls>VOP. 3,106. 153.</ls>
VOP. 8,57. 96. ? <ls>VOP. 8,57. 96.</ls>
VOP. 8,86. 96. ? <ls>VOP. 8,86. 96.</ls>
VOP. 3,9. 12. 37. ? <ls>VOP. 3,9. 12. 37.</ls>
VOP. 8,102. 106. ? <ls>VOP. 8,102. 106.</ls>
VOP. 8,45. 127. ? <ls>VOP. 8,45. 127.</ls>
VOP. 8,25. 147. ? <ls>VOP. 8,25. 147.</ls>
VOP. vor 3,165. ? <ls>VOP. vor 3,165.</ls>
VOP. 8,43. 134 ? <ls>VOP. 8,43. 134</ls>
VOP. 8,120. 19,17. ? <ls>VOP. 8,120. 19,17.</ls>
VOP. 8,46. 90. ? <ls>VOP. 8,46. 90.</ls>
VOP. 8,46. 19,8. ? <ls>VOP. 8,46. 19,8.</ls>
VOP. 4,17). ? <ls>VOP. 4,17).</ls>
VOP. 7,3. 4. ? <ls>VOP. 7,3. 4.</ls>
VOP. 8,90. 9,10. ? <ls>VOP. 8,90. 9,10.</ls>
VOP. 24,3. 5. ? <ls>VOP. 24,3. 5.</ls>
VOP. 23,18. 24,12. ? <ls>VOP. 23,18. 24,12.</ls>
VOP. 5,143, Śl. 1. ? <ls>VOP. 5,143, Śl. 1.</ls>
VOP. 8,22. 9,7. ? <ls>VOP. 8,22. 9,7.</ls>
VOP. 8,22. 9,7. 10. ? <ls>VOP. 8,22. 9,7. 10.</ls>
VOP. 10,4. 12. ? <ls>VOP. 10,4. 12.</ls>
VOP. 9,31. 10,5. ? <ls>VOP. 9,31. 10,5.</ls>
VOP. 8,85. 10,7. ? <ls>VOP. 8,85. 10,7.</ls>
VOP. 8,22. 12,3. ? <ls>VOP. 8,22. 12,3.</ls>
VOP. 3,39. 89. ? <ls>VOP. 3,39. 89.</ls>
VOP. 8,91. 139. ? <ls>VOP. 8,91. 139.</ls>
** (288) VOP. with 0 numeric parameters 
** (41) VOP. with 1 numeric parameters 
VOP. 1. 1 <ls>VOP. 1.</ls>
VOP. 120. 1 <ls>VOP. 120.</ls>
VOP. 14. 1 <ls>VOP. 14.</ls>
VOP. 176. 1 <ls>VOP. 176.</ls>
VOP. 8 1 <ls>VOP. 8</ls>
VOP. 5. 1 <ls n="VOP.">5.</ls>
VOP. 16. 1 <ls n="VOP.">16.</ls>
VOP. 4. 1 <ls n="VOP.">4.</ls>
VOP. 38. 1 <ls n="VOP.">38.</ls>
VOP. 49. 1 <ls n="VOP.">49.</ls>
VOP. 128 1 <ls n="VOP.">128</ls>
VOP. 13. 1 <ls n="VOP.">13.</ls>
VOP. 65. 1 <ls n="VOP.">65.</ls>
VOP. 83. 1 <ls n="VOP.">83.</ls>
VOP. 66 1 <ls n="VOP.">66</ls>
VOP. 6. 1 <ls n="VOP.">6.</ls>
VOP. 176. 1 <ls>VOP. 176.</ls>
VOP. 14 1 <ls n="VOP.">14</ls>
VOP. 17. 1 <ls n="VOP.">17.</ls>
VOP. 108. 1 <ls n="VOP.">108.</ls>
VOP. 1. 1 <ls n="VOP.">1.</ls>
VOP. 13 1 <ls n="VOP.">13</ls>
VOP. 12 1 <ls>VOP. 12</ls>
VOP. 5 1 <ls n="VOP.">5</ls>
VOP. 6 1 <ls n="VOP.">6</ls>
VOP. 5 1 <ls n="VOP.">5</ls>
VOP. 52. 1 <ls n="VOP.">52.</ls>
VOP. 3 1 <ls n="VOP.">3</ls>
VOP. 16 1 <ls>VOP. 16</ls>
VOP. 5 1 <ls n="VOP.">5</ls>
VOP. 6 1 <ls n="VOP.">6</ls>
VOP. 2 1 <ls>VOP. 2</ls>
VOP. 4 1 <ls n="VOP.">4</ls>
VOP. 139. 1 <ls n="VOP.">139.</ls>
VOP. 7 1 <ls>VOP. 7</ls>
VOP. 60. 1 <ls n="VOP.">60.</ls>
VOP. 142. 1 <ls n="VOP.">142.</ls>
VOP. 7 1 <ls>VOP. 7</ls>
VOP. 26. 1 <ls n="VOP.">26.</ls>
VOP. 89. 1 <ls n="VOP.">89.</ls>
VOP. 90. 1 <ls n="VOP.">90.</ls>
** (16) VOP. with 3 numeric parameters 
VOP. 8,114, 3 <ls>VOP. 8,114,</ls>
VOP. 8,85,87. 3 <ls>VOP. 8,85,87.</ls>
VOP. 8,22,52 3 <ls>VOP. 8,22,52</ls>
VOP. 3,39,76. 3 <ls>VOP. 3,39,76.</ls>
VOP. 6,53, 3 <ls>VOP. 6,53,</ls>
VOP. 7,1,9. 3 <ls>VOP. 7,1,9.</ls>
VOP. 7,1,10. 3 <ls>VOP. 7,1,10.</ls>
VOP. 6,45,51. 3 <ls>VOP. 6,45,51.</ls>
VOP. 26,2,20. 3 <ls>VOP. 26,2,20.</ls>
VOP. 8,103,119 3 <ls>VOP. 8,103,119</ls>
VOP. 2,5, 3 <ls>VOP. 2,5,</ls>
VOP. 2,43, 3 <ls>VOP. 2,43,</ls>
VOP. 10,94,14. 3 <ls n="VOP.">10,94,14.</ls>
VOP. 9,6,8. 3 <ls n="VOP.">9,6,8.</ls>
VOP. 2,16,5. 3 <ls n="VOP.">2,16,5.</ls>
VOP. 8,1,58. 3 <ls n="VOP.">8,1,58.</ls>
** (0) VOP. with 4 numeric parameters 
