volume	page	adhy.	from s.	to s.	ipage
I	20	1	1	4	1
I	21	1	5	13	2
I	22	1	14	19	3
I	22	2	1	2	3
I	23	2	3	11	4
I	24	2	12	19	5
I	25	2	20	26	6
I	26	2	27	34	7
I	27	2	35	43	8
I	28	2	44	50	9
I	29	2	51	56	10
I	29	3	1	2	10
I	30	3	3	12	11
I	31	3	13	23	12
I	32	3	24	32	13
I	33	3	33	37	14
I	34	3	38	42	15
I	35	3	43	50	16
I	36	3	51	57	17
I	37	3	58	61	18
I	38	3	62	67	19
I	39	3	68	75	20
I	40	3	76	80	21
I	41	3	81	82	22
I	42	3	83	88	23
I	43	3	89	95	24
I	44	3	96	99	25
I	45	3	100	108	26
I	46	3	109	113	27
I	47	3	114	120	28
I	48	3	121	129	29
I	49	3	130	134	30
I	50	3	135	139	31
I	51	3	140	143	32
I	52	3	144	147	33
I	53	3	148	149	34
I	54	3	150	153	35
I	55	3	154	159	36
I	56	3	160	163	37
I	57	3	164	165	38
I	58	3	166	169	39
I	59	3	170	171	40
I	59	4	1	7	40
I	60	4	8	12	41
I	61	4	13	17	42
I	62	4	18	23	43
I	63	4	24	30	44
I	64	4	31	31	45
I	64	5	1	4	45
I	65	5	5	6	46
I	66	5	7	8	47
I	67	5	9	15	48
I	68	5	16	19	49
I	69	5	20	23	50
I	70	5	24	28	51
I	71	5	29	35	52
I	72	5	36	37	53
I	72	6	1	5	53
I	73	6	6	11	54
I	74	6	12	17	55
I	75	6	18	29	56
I	76	6	30	35	57
I	77	6	36	44	58
I	78	6	45	52	59
I	79	6	53	57	60
I	80	6	58	63	61
I	81	6	64	72	62
I	82	6	73	83	63
I	83	6	84	94	64
I	84	6	95	98	65
I	84	7	1	3	65
I	85	7	4	10	66
I	86	7	11	16	67
I	87	7	17	22	68
I	88	7	23	31	69
I	89	7	32	38	70
I	90	7	39	49	71
I	91	7	50	56	72
I	92	7	57	67	73
I	93	7	68	78	74
I	94	7	79	87	75
I	95	7	88	97	76
I	96	7	98	109	77
I	97	7	110	113	78
I	97	8	1	1a	78
I	98	8	1b	5	79
I	99	8	6	15	80
I	100	8	16	22	81
I	101	8	23	29	82
I	102	8	30	33	83
I	103	8	34	38	84
I	104	8	39	45	85
I	105	8	46	52	86
I	106	8	53	58	87
I	107	8	59	63	88
I	108	8	64	70	89
I	109	8	71	75	90
I	110	8	76	80	91
I	111	8	81	87	92
I	112	8	88	93	93
I	113	8	94	98	94
I	114	8	99	104	95
I	115	8	105	110	96
I	116	8	111	117	97
I	117	8	118	121	98
I	118	8	122	126	99
I	119	8	127	131	100
I	120	8	132	134	101
I	121	8	135	142	102
I	122	9	1	6	103
I	123	9	7	13	104
I	124	9	14	21	105
I	125	9	22	27	106
I	126	9	28	33	107
I	127	9	34	40	108
I	128	9	41	46	109
I	129	9	47	53	110
I	130	9	54	56	111
I	130	10	1	5	111
I	131	10	6	12	112
I	132	11	1	3	113
I	133	11	4	5	114
I	134	11	6	7	115
I	134	12	1	2	115
I	135	12	3	6	116
I	135	13	1	1	116
I	136	13	2	4	117
I	137	13	5	8	118
I	138	14	1	4	119
I	138	15	1	1	119
I	139	15	2	5	120
I	139	16	1	1	120
I	140	16	2	5	121
I	141	17	1	4	122
I	142	18	1	8	123
I	143	18	9	17	124
I	144	18	18	24	125
I	145	18	25	26	126
I	145	19	1	5	126
I	146	19	6	11	127
I	147	19	12	17	128
I	148	20	1	8	129
I	149	20	9	17	130
I	150	20	18	22	131
I	150	21	1	2	131
I	151	21	3	8	132
I	152	21	9	16	133
I	153	21	17	18	134
I	153	22	1	1	134
I	154	22	2	2	135
I	154	23	1	7	135
I	155	23	8	17	136
I	156	23	18	27	137
I	157	23	28	37	138
I	158	23	38	48	139
I	159	23	49	57	140
I	160	23	58	58	141
I	160	24	1	5	141
I	161	24	6	10	142
I	162	24	11	13	143
I	162	25	1	2	143
I	163	25	3	11	144
I	164	25	12	21	145
I	165	25	22	29	146
I	166	25	30	32	147
I	166	26	1	3	147
I	167	26	4	10	148
I	168	26	11	14	149
I	169	26	15	20	150
I	170	26	21	26	151
I	171	26	27	35	152
I	172	26	36	44	153
I	173	26	45	53	154
I	174	26	54	60	155
I	175	26	61	67	156
I	176	26	68	73	157
I	177	26	74	83	158
I	178	26	84	89	159
I	179	26	90	98	160
I	180	26	99	105	161
I	181	26	106	113	162
I	182	26	114	122	163
I	183	26	123	131	164
I	184	26	132	140	165
I	185	26	141	148	166
I	186	26	149	158	167
I	187	26	159	169	168
I	188	26	170	176	169
I	189	26	177	185	170
I	190	26	186	193	171
I	191	26	194	201	172
I	192	26	202	208	173
I	193	26	209	217	174
I	194	26	218	220	175
