vol.	page	sarga	from v.	to v.	ipage	remark(s)
I	5	---	---	---	0a	title
I	6	---	---	---	0b	
I	7	---	---	---	0c	resume
I	8	---	---	---	0d	
I	9	---	---	---	1	introduction
I	10	---	---	---	2	introduction
I	11	1	1	1	3	
I	12	---	---	---	4	
I	13	---	---	---	5	
I	14	1	2	2	6	
I	15	---	---	---	7	
I	16	---	---	---	8	
I	17	1	3	3	9	
I	18	---	---	---	10	
I	19	1	4	4	11	
I	20	---	---	---	12	
I	21	1	5	5	13	
I	22	1	6	6	14	
I	23	---	---	---	15	
I	24	1	7	7	16	
I	25	1	8	8	17	
I	26	1	9	9	18	
I	27	---	---	---	19	
I	28	1	10	10	20	
I	29	---	---	---	21	
I	30	1	11	11	22	
I	31	1	12	12	23	
I	32	1	13	13	24	
I	33	1	14	14	25	
I	34	---	---	---	26	
I	35	1	15	15	27	
I	36	1	16	16	28	
I	37	---	---	---	29	
I	38	1	17	17	30	
I	39	1	18	18	31	
I	40	1	19	19	32	
I	41	1	20	20	33	
I	42	1	21	21	34	
I	43	1	22	22	35	
I	44	---	---	---	36	
I	45	1	23	23	37	
I	46	1	24	24	38	
I	47	---	---	---	39	
I	48	1	25	25	40	
I	49	1	26	26	41	
I	50	---	---	---	42	
I	51	1	27	27	43	
I	52	2	1	1	44	
I	53	2	2	2	45	
I	54	2	3	3	46	
I	55	2	4	4	47	
I	56	2	5	6	48	
I	57	2	7	7	49	
I	58	---	---	---	50	
I	59	2	8	9	51	
I	60	2	10	10	52	
I	61	---	---	---	53	
I	62	2	11	11	54	
I	63	---	---	---	55	
I	64	2	12	13	56	
I	65	---	---	---	57	
I	66	2	14	14	58	
I	67	2	15	15	59	
I	68	2	16	16	60	
I	69	2	17	18	61	
I	70	2	19	19	62	
I	71	2	20	20	63	
I	72	2	21	21	64	
I	73	2	22	22	65	
I	74	---	---	---	66	
I	75	2	23	23	67	
I	76	2	24	24	68	
I	77	2	25	25	69	
I	78	2	26	26	70	
I	79	2	27	27	71	
I	80	---	---	---	72	
I	81	2	28	28	73	
I	82	2	29	29	74	
I	83	2	30	30	75	
I	84	2	31	31	76	
I	85	2	32	32	77	
I	86	2	33	33	78	
I	87	2	34	34	79	
I	88	---	---	---	80	
I	89	2	35	35	81	
I	90	2	36	36	82	
I	91	2	37	37	83	
I	92	2	38	38	84	
I	93	2	39	39	85	
I	94	2	40	40	86	
I	95	2	41	41	87	
I	96	2	42	42	88	
I	97	2	43	43	89	
I	98	---	---	---	90	
I	99	2	44	44	91	
I	100	2	45	45	92	
I	101	2	46	46	93	
I	102	2	47	47	94	
I	103	---	---	---	95	
I	104	2	48	48	96	
I	105	2	49	49	97	
I	106	2	50	50	98	
I	107	2	51	51	99	
I	108	---	---	---	100	
I	109	2	52	52	101	
I	110	2	53	53	102	
I	111	2	54	54	103	
I	112	2	55	55	104	
I	113	---	---	---	105	
I	114	3	1	1	106	
I	115	3	2	2	107	
I	116	3	3	4	108	
I	117	3	5	5	109	
I	118	3	6	6	110	
I	119	---	---	---	111	
I	120	3	7	7	112	
I	121	3	8	8	113	
I	122	3	9	9	114	
I	123	---	---	---	115	
I	124	3	10	10	116	
I	125	3	11	11	117	
I	126	3	12	12	118	
I	127	3	13	13	119	
I	128	3	14	14	120	
I	129	3	15	15	121	
I	130	---	---	---	122	
I	131	3	16	16	123	
I	132	3	17	17	124	
I	133	3	18	18	125	
I	134	3	19	19	126	
I	135	3	20	20	127	
I	136	3	21	21	128	
I	137	3	22	22	129	
I	138	3	23	23	130	
I	139	3	24	24	131	
I	140	3	25	25	132	
I	141	---	---	---	133	
I	142	3	26	26	134	
I	143	3	27	27	135	
I	144	3	28	28	136	
I	145	3	29	29	137	
I	146	3	30	30	138	
I	147	---	---	---	139	
I	148	3	31	31	140	
I	149	3	32	32	141	
I	150	3	33	33	142	
I	151	3	34	34	143	
I	152	3	35	35	144	
I	153	3	36	36	145	
I	154	3	37	37	146	
I	155	3	38	38	147	
I	156	3	39	39	148	
I	157	3	40	40	149	
I	158	3	41	41	150	
I	159	3	42	42	151	
I	160	---	---	---	152	
I	161	3	43	43	153	
I	162	3	44	44	154	
I	163	3	45	45	155	
I	164	3	46	46	156	
I	165	3	47	47	157	
I	166	3	48	48	158	
I	167	3	49	49	159	
I	168	3	50	50	160	
I	169	---	---	---	161	
I	170	3	51	51	162	
I	171	---	---	---	163	
I	172	3	52	52	164	
I	173	3	53	53	165	
I	174	3	54	54	166	
I	175	3	55	55	167	
I	176	3	56	56	168	
I	177	4	1	1	169	
I	178	4	2	2	170	
I	179	4	3	3	171	
I	180	4	4	5	172	
I	181	4	6	6	173	
I	182	4	7	7	174	
I	183	4	8	8	175	
I	184	4	9	10	176	
I	185	4	11	11	177	
I	186	4	12	12	178	
I	187	---	---	---	179	
I	188	4	13	14	180	
I	189	---	---	---	181	
I	190	4	15	15	182	
I	191	4	16	16	183	
I	192	4	17	17	184	
I	193	4	18	18	185	
I	194	4	19	19	186	
I	195	4	20	20	187	
I	196	4	21	21	188	
I	197	4	22	22	189	
I	198	4	23	23	190	
I	199	4	24	24	191	
I	200	4	25	25	192	
I	201	4	26	26	193	
I	202	4	27	27	194	
I	203	4	28	28	195	
I	204	4	29	29	196	
I	205	4	30	30	197	
I	206	4	31	31	198	
I	207	4	32	32	199	
I	208	4	33	33	200	
I	209	4	34	34	201	
I	210	4	35	35	202	
I	211	4	36	37	203	
I	212	4	38	38	204	
I	213	4	39	39	205	
I	214	4	40	40	206	
I	215	4	41	41	207	
I	216	4	42	42	208	
I	217	4	43	44	209	
I	218	---	---	---	210	
I	219	4	45	45	211	
I	220	5	1	2	212	
I	221	5	3	3	213	
I	222	5	4	4	214	
I	223	5	5	5	215	
I	224	5	6	6	216	
I	225	5	7	7	217	
I	226	5	8	8	218	
I	227	5	9	9	219	
I	228	5	10	10	220	
I	229	5	11	12	221	
I	230	5	13	13	222	
I	231	5	14	14	223	
I	232	5	15	15	224	
I	233	5	16	16	225	
I	234	5	17	18	226	
I	235	---	---	---	227	
I	236	5	19	20	228	
I	237	5	21	21	229	
I	238	5	22	22	230	
I	239	5	23	23	231	
I	240	5	24	24	232	
I	241	5	25	25	233	
I	242	5	26	27	234	
I	243	5	28	28	235	
I	244	5	29	30	236	
I	245	5	31	31	237	
I	246	5	32	32	238	
I	247	5	33	33	239	
I	248	5	34	34	240	
I	249	5	35	35	241	
I	250	5	36	36	242	
I	251	5	37	37	243	
I	252	5	38	38	244	
I	253	5	39	39	245	
I	254	5	40	41	246	
I	255	5	42	42	247	
I	256	5	43	43	248	
I	257	5	44	45	249	
I	258	5	46	46	250	
I	259	5	47	47	251	
I	260	5	48	48	252	
I	261	5	49	49	253	
I	262	5	50	50	254	
I	263	5	51	51	255	
I	264	5	52	53	256	
I	265	5	54	54	257	
I	266	5	55	55	258	
I	267	5	56	56	259	
I	268	5	57	57	260	
I	269	5	58	59	261	
I	270	5	60	60	262	
I	271	5	61	61	263	
I	272	5	62	62	264	
I	273	5	63	63	265	
I	274	5	64	64	266	
I	275	5	65	65	267	
I	276	---	---	---	268	
I	277	5	66	66	269	
I	278	5	67	68	270	
I	279	5	69	69	271	
I	280	---	---	---	272	
I	281	5	70	70	273	
I	282	5	71	71	274	
I	283	5	72	72	275	
I	284	5	73	73	276	
I	285	5	74	74	277	
I	286	5	75	76	278	
I	287	5	77	77	279	
I	288	5	78	78	280	
I	289	5	79	79	281	
I	290	5	80	80	282	
I	291	5	81	81	283	
I	292	5	82	82	284	
I	293	5	83	83	285	
I	294	5	84	84	286	
I	295	5	85	86	287	
I	296	5	87	87	288	
I	297	5	88	88	289	
I	298	5	89	89	290	
I	299	5	90	90	291	
I	300	5	91	91	292	
I	301	---	---	---	293	
I	302	5	92	92	294	
I	303	5	93	94	295	
I	304	5	95	95	296	
I	305	5	96	96	297	
I	306	5	97	97	298	
I	307	---	---	---	299	
I	308	5	98	98	300	
I	309	5	99	99	301	
I	310	5	100	100	302	
I	311	5	101	101	303	
I	312	5	102	103	304	
I	313	---	---	---	305	
I	314	5	104	104	306	
I	315	5	105	105	307	
I	316	5	106	106	308	
I	317	5	107	108	309	
I	318	6	1	1	310	
I	319	6	2	2	311	
I	320	6	3	3	312	
I	321	6	4	4	313	
I	322	6	5	5	314	
I	323	6	6	7	315	
I	324	---	---	---	316	
I	325	6	8	9	317	
I	326	6	10	10	318	
I	327	6	11	11	319	
I	328	---	---	---	320	
I	329	6	12	13	321	
I	330	6	14	14	322	
I	331	6	15	15	323	
I	332	6	16	16	324	
I	333	6	17	17	325	
I	334	6	18	18	326	
I	335	6	19	19	327	
I	336	6	20	21	328	
I	337	6	22	22	329	
I	338	6	23	23	330	
I	339	6	24	25	331	
I	340	6	26	26	332	
I	341	6	27	27	333	
I	342	6	28	28	334	
I	343	6	29	29	335	
I	344	6	30	30	336	
I	345	6	31	32	337	
I	346	6	33	33	338	
I	347	6	34	34	339	
I	348	6	35	35	340	
I	349	6	36	36	341	
I	350	6	37	37	342	
I	351	6	38	39	343	
I	352	6	40	40	344	
I	353	6	41	41	345	
I	354	---	---	---	346	
I	355	6	42	43	347	
I	356	---	---	---	348	
I	357	6	44	45	349	
I	358	6	46	46	350	
I	359	6	47	47	351	
I	360	6	48	48	352	
I	361	6	49	49	353	
I	362	6	50	50	354	
I	363	6	51	51	355	
I	364	6	52	53	356	
I	365	6	54	54	357	
I	366	6	55	55	358	
I	367	6	56	56	359	
I	368	6	57	57	360	
I	369	6	58	59	361	
I	370	6	60	60	362	
I	371	6	61	61	363	
I	372	6	62	62	364	
I	373	6	63	63	365	
I	374	6	64	64	366	
I	375	6	65	65	367	
I	376	6	66	67	368	
I	377	6	68	68	369	
I	378	6	69	69	370	
I	379	6	70	70	371	
I	380	6	71	71	372	
I	381	6	72	72	373	
I	382	6	73	74	374	
I	383	6	75	75	375	
I	384	6	76	76	376	
I	385	6	77	77	377	
I	386	6	78	78	378	
I	387	6	79	79	379	
I	388	6	80	80	380	
I	389	6	81	81	381	
I	390	6	82	83	382	
I	391	6	84	84	383	
I	392	6	85	85	384	
I	393	6	86	86	385	
I	394	6	87	88	386	
I	395	---	---	---	387	
I	396	6	89	90	388	
I	397	6	91	91	389	
I	398	6	92	92	390	
I	399	6	93	93	391	
I	400	6	94	94	392	
I	401	6	95	95	393	
I	402	6	96	96	394	
I	403	6	97	97	395	
I	404	6	98	98	396	
I	405	6	99	100	397	
I	406	6	101	101	398	
I	407	6	102	102	399	
I	408	6	103	104	400	
I	409	6	105	105	401	
I	410	6	106	107	402	
I	411	6	108	108	403	
I	412	6	109	109	404	
I	413	6	110	110	405	
I	414	6	111	112	406	
I	415	6	113	113	407	
I	416	6	114	114	408	
I	417	6	115	115	409	
I	418	6	116	116	410	
I	419	6	117	118	411	
I	420	6	119	119	412	
I	421	6	120	120	413	
I	422	6	121	121	414	
I	423	6	122	123	415	
I	424	6	124	125	416	
I	425	6	126	126	417	
I	426	6	127	127	418	
I	427	6	128	128	419	
I	428	6	129	129	420	
I	429	6	130	130	421	
I	430	6	131	131	422	
I	431	6	132	133	423	
I	432	6	134	134	424	
I	433	6	135	135	425	
I	434	6	136	137	426	
I	435	6	138	138	427	
I	436	6	139	140	428	
I	437	6	141	141	429	
I	438	6	142	143	430	
I	439	---	---	---	431	
I	440	7	1	1	432	
I	441	---	---	---	433	
I	442	7	2	2	434	
I	443	7	3	3	435	
I	444	7	4	5	436	
I	445	7	6	6	437	
I	446	7	7	8	438	
I	447	7	9	10	439	
I	448	7	11	11	440	
I	449	7	12	12	441	
I	450	7	13	14	442	
I	451	7	15	15	443	
I	452	7	16	16	444	
I	453	7	17	18	445	
I	454	7	19	19	446	
I	455	7	20	21	447	
I	456	7	22	22	448	
I	457	7	23	23	449	
I	458	7	24	24	450	
I	459	7	25	26	451	
I	460	7	27	27	452	
I	461	7	28	28	453	
I	462	7	29	29	454	
I	463	7	30	31	455	
I	464	7	32	32	456	
I	465	7	33	34	457	
I	466	7	35	35	458	
I	467	7	36	36	459	
I	468	7	37	38	460	
I	469	7	39	39	461	
I	470	7	40	40	462	
I	471	7	41	42	463	
I	472	7	43	43	464	
I	473	7	44	44	465	
I	474	7	45	45	466	
I	475	7	46	46	467	
I	476	7	47	48	468	
I	477	7	49	50	469	
I	478	7	51	51	470	
I	479	7	52	53	471	
I	480	7	54	54	472	
I	481	7	55	56	473	
I	482	7	57	57	474	
I	483	7	58	58	475	
I	484	7	59	60	476	
I	485	7	61	61	477	
I	486	7	62	62	478	
I	487	---	---	---	479	
I	488	7	63	63	480	
I	489	7	64	65	481	
I	490	7	66	66	482	
I	491	7	67	68	483	
I	492	7	69	69	484	
I	493	7	70	70	485	
I	494	7	71	71	486	
I	495	7	72	73	487	
I	496	7	74	74	488	
I	497	7	75	75	489	
I	498	7	76	77	490	
I	499	7	78	78	491	
I	500	7	79	80	492	
I	501	7	81	81	493	
I	502	7	82	82	494	
I	503	7	83	83	495	
I	504	7	84	84	496	
I	505	7	85	86	497	
I	506	7	87	88	498	
I	507	7	89	89	499	
I	508	7	90	90	500	
I	509	7	91	91	501	
I	510	7	92	92	502	
I	511	7	93	93	503	
I	512	7	94	95	504	
I	513	7	96	96	505	
I	514	7	97	98	506	
I	515	7	99	99	507	
I	516	7	100	100	508	
I	517	7	101	101	509	
I	518	7	102	102	510	
I	519	7	103	103	511	
I	520	7	104	104	512	
I	521	7	105	106	513	
I	522	7	107	107	514	
I	523	7	108	108	515	
I	524	8	1	1	516	
I	525	8	2	2	517	
I	526	8	3	3	518	
I	527	8	4	4	519	
I	528	8	5	5	520	
I	529	8	6	6	521	
I	530	8	7	8	522	
I	531	8	9	10	523	
I	532	8	11	11	524	
I	533	8	12	13	525	
I	534	8	14	14	526	
I	535	8	15	16	527	
I	536	8	17	17	528	
I	537	8	18	19	529	
I	538	8	20	20	530	
I	539	8	21	21	531	
I	540	8	22	22	532	
I	541	8	23	24	533	
I	542	8	25	25	534	
I	543	8	26	26	535	
I	544	8	27	28	536	
I	545	8	29	29	537	
I	546	8	30	30	538	
I	547	8	31	32	539	
I	548	8	33	33	540	
I	549	8	34	34	541	
I	550	8	35	35	542	
I	551	8	36	37	543	
I	552	8	38	38	544	
I	553	8	39	39	545	
I	554	8	40	41	546	
I	555	8	42	42	547	
I	556	8	43	44	548	
I	557	8	45	45	549	
I	558	8	46	47	550	
I	559	8	48	48	551	
I	560	8	49	49	552	
I	561	8	50	50	553	
I	562	8	51	52	554	
I	563	8	53	53	555	
I	564	8	54	54	556	
I	565	8	55	56	557	
I	566	8	57	58	558	
I	567	8	59	59	559	
I	568	8	60	61	560	
I	569	8	62	62	561	
I	570	8	63	64	562	
I	571	8	65	65	563	
I	572	8	66	66	564	
I	573	8	67	67	565	
I	574	8	68	68	566	
I	575	8	69	69	567	
I	576	8	70	70	568	
I	577	8	71	71	569	
I	578	8	72	72	570	
I	579	8	73	73	571	
I	580	8	74	74	572	
I	581	8	75	75	573	
I	582	8	76	76	574	
I	583	8	77	77	575	
I	584	8	78	78	576	
I	585	8	79	79	577	
I	586	8	80	81	578	
I	587	8	82	82	579	
I	588	8	83	83	580	
I	589	8	84	84	581	
I	590	8	85	85	582	
I	591	8	86	87	583	
I	592	8	88	88	584	
I	593	8	89	89	585	
I	594	8	90	90	586	
I	595	8	91	91	587	
I	596	8	92	92	588	
I	597	8	93	94	589	
I	598	8	95	95	590	
I	599	8	96	96	591	
I	600	8	97	97	592	
I	601	8	98	98	593	
I	602	8	99	99	594	
I	603	8	100	100	595	
I	604	8	101	102	596	
I	605	8	103	103	597	
I	606	8	104	104	598	
I	607	8	105	105	599	
I	608	8	106	107	600	
I	609	8	108	108	601	
I	610	8	109	110	602	
I	611	8	111	111	603	
I	612	8	112	112	604	
I	613	8	113	113	605	
I	614	8	114	115	606	
I	615	8	116	116	607	
I	616	8	117	118	608	
I	617	8	119	119	609	
I	618	8	120	120	610	
I	619	8	121	121	611	
I	620	8	122	122	612	
I	621	8	123	123	613	
I	622	8	124	124	614	
I	623	8	125	125	615	
I	624	8	126	126	616	
I	625	8	127	128	617	
I	626	8	129	129	618	
I	627	8	130	130	619	
I	628	8	131	131	620	
I	629	9	1	1	621	
I	630	9	2	2	622	
I	631	9	3	4	623	
I	632	9	5	6	624	
I	633	9	7	8	625	
I	634	9	9	9	626	
I	635	9	10	10	627	
I	636	9	11	12	628	
I	637	9	13	13	629	
I	638	9	14	15	630	
I	639	9	16	16	631	
I	640	9	17	17	632	
I	641	9	18	18	633	
I	642	9	19	19	634	
I	643	9	20	21	635	
I	644	9	22	22	636	
I	645	9	23	24	637	
I	646	9	25	25	638	
I	647	9	26	26	639	
I	648	9	27	28	640	
I	649	9	29	29	641	
I	650	9	30	31	642	
I	651	9	32	32	643	
I	652	9	33	33	644	
I	653	9	34	35	645	
I	654	9	36	37	646	
I	655	9	38	39	647	
I	656	9	40	40	648	
I	657	9	41	42	649	
I	658	9	43	44	650	
I	659	9	45	46	651	
I	660	9	47	47	652	
I	661	9	48	49	653	
I	662	9	50	50	654	
I	663	9	51	52	655	
I	664	9	53	53	656	
I	665	9	54	55	657	
I	666	9	56	56	658	
I	667	9	57	58	659	
I	668	---	---	---	660	
I	669	9	59	59	661	
I	670	9	60	60	662	
I	671	9	61	62	663	
I	672	9	63	63	664	
I	673	9	64	64	665	
I	674	9	65	66	666	
I	675	9	67	67	667	
I	676	9	68	68	668	
I	677	9	69	69	669	
I	678	9	70	71	670	
I	679	9	72	72	671	
I	680	9	73	73	672	
I	681	9	74	74	673	
I	682	9	75	76	674	
I	683	9	77	77	675	
I	684	9	78	79	676	
I	685	9	80	81	677	
I	686	9	82	82	678	
I	687	9	83	84	679	
I	688	9	85	85	680	
I	689	9	86	86	681	
I	690	9	87	88	682	
I	691	9	89	89	683	
I	692	9	90	90	684	
I	693	9	91	92	685	
I	694	9	93	93	686	
I	695	9	94	94	687	
I	696	9	95	95	688	
I	697	9	96	96	689	
I	698	9	97	98	690	
I	699	9	99	100	691	
I	700	9	101	101	692	
I	701	9	102	103	693	
I	702	9	104	104	694	
I	703	9	105	106	695	
I	704	9	107	108	696	
I	705	9	109	109	697	
I	706	9	110	111	698	
I	707	9	112	112	699	
I	708	9	113	114	700	
I	709	9	115	116	701	
I	710	9	117	118	702	
I	711	9	119	119	703	
I	712	9	120	121	704	
I	713	9	122	123	705	
I	714	9	124	125	706	
I	715	9	126	127	707	
I	716	9	128	128	708	
I	717	9	129	130	709	
I	718	9	131	131	710	
I	719	9	132	133	711	
I	720	9	134	135	712	
I	721	9	136	136	713	
I	722	9	137	137	714	
I	723	10	1	1	715	
I	724	---	---	---	716	
I	725	10	2	2	717	
I	726	10	3	3	718	
I	727	---	---	---	719	
I	728	10	4	4	720	
I	729	10	5	5	721	
I	730	10	6	6	722	
I	731	10	7	7	723	
I	732	---	---	---	724	
I	733	10	8	8	725	
I	734	10	9	9	726	
I	735	---	---	---	727	
I	736	10	10	11	728	
I	737	10	12	12	729	
I	738	10	13	13	730	
I	739	---	---	---	731	
I	740	10	14	14	732	
I	741	10	15	15	733	
I	742	---	---	---	734	
I	743	10	16	17	735	
I	744	10	18	18	736	
I	745	---	---	---	737	
I	746	10	19	19	738	
I	747	---	---	---	739	
I	748	10	20	20	740	
I	749	---	---	---	741	
I	750	10	21	21	742	
I	751	10	22	22	743	
I	752	---	---	---	744	
I	753	10	23	23	745	
I	754	10	24	24	746	
I	755	10	25	25	747	
I	756	10	26	26	748	
I	757	10	27	27	749	
I	758	10	28	28	750	
I	759	10	29	29	751	
I	760	10	30	30	752	
I	761	---	---	---	753	
I	762	10	31	31	754	
I	763	10	32	32	755	
I	764	10	33	33	756	
I	765	10	34	34	757	
I	766	10	35	35	758	
I	767	10	36	36	759	
I	768	---	---	---	760	
I	769	10	37	37	761	
I	770	10	38	38	762	
I	771	10	39	39	763	
I	772	10	40	40	764	
I	773	10	41	41	765	
I	774	---	---	---	766	
I	775	10	42	42	767	
I	776	10	43	43	768	
I	777	10	44	44	769	
I	778	10	45	45	770	
I	779	10	46	46	771	
I	780	---	---	---	772	
I	781	10	47	47	773	
I	782	10	48	49	774	
I	783	10	50	50	775	
I	784	---	---	---	776	
I	785	10	51	51	777	
I	786	10	52	52	778	
I	787	10	53	53	779	
I	788	10	54	54	780	
I	789	---	---	---	781	
I	790	10	55	55	782	
I	791	10	56	57	783	
I	792	10	58	58	784	
I	793	10	59	59	785	
I	794	---	---	---	786	
I	795	10	60	60	787	
I	796	10	61	61	788	
I	797	10	62	62	789	
I	798	10	63	63	790	
I	799	10	64	64	791	
I	800	10	65	65	792	
I	801	---	---	---	793	
I	802	10	66	66	794	
I	803	10	67	67	795	
I	804	10	68	68	796	
I	805	10	69	69	797	
I	806	10	70	70	798	
I	807	---	---	---	799	
I	808	10	71	72	800	
I	809	10	73	73	801	
I	810	---	---	---	802	
I	811	10	74	74	803	
I	812	11	1	1	804	
I	813	---	---	---	805	
I	814	11	2	2	806	
I	815	11	3	3	807	
I	816	11	4	4	808	
I	817	11	5	5	809	
I	818	11	6	6	810	
I	819	11	7	7	811	
I	820	---	---	---	812	
I	821	11	8	8	813	
I	822	11	9	10	814	
I	823	11	11	11	815	
I	824	11	12	12	816	
I	825	11	13	14	817	
I	826	11	15	15	818	
I	827	11	16	16	819	
I	828	11	17	17	820	
I	829	11	18	18	821	
I	830	11	19	19	822	
I	831	11	20	20	823	
I	832	11	21	22	824	
I	833	---	---	---	825	
I	834	11	23	24	826	
I	835	11	25	25	827	
I	836	11	26	26	828	
I	837	11	27	27	829	
I	838	11	28	28	830	
I	839	11	29	30	831	
I	840	11	31	31	832	
I	841	11	32	32	833	
I	842	11	33	34	834	
I	843	11	35	35	835	
I	844	11	36	36	836	
I	845	11	37	37	837	
I	846	11	38	38	838	
I	847	11	39	40	839	
I	848	11	41	41	840	
I	849	11	42	42	841	
I	850	11	43	43	842	
I	851	11	44	44	843	
I	852	11	45	45	844	
I	853	11	46	46	845	
I	854	11	47	47	846	
I	855	---	---	---	847	ending
