0,0 (30)
1,0 (24)
1,1 (42)
1,2 (46)
1,3 (43)
1,4 (48)
1,5 (50)
1,6 (46)
1,7 (42)
1,8 (44)
1,9 (48)
1,10 (12)
1,11 (9)
1,12 (4)
1,13 (9)
1,14 (8)
1,15 (6)
1,16 (7)
1,17 (8)
1,18 (11)
1,19 (7)
1,20 (7)
1,21 (12)
1,22 (6)
1,23 (10)
1,24 (12)
1,25 (7)
1,26 (7)
1,27 (12)
1,28 (6)
1,29 (7)
1,30 (7)
1,31 (13)
1,32 (4)
1,33 (6)
1,34 (6)
1,35 (10)
1,36 (4)
1,37 (11)
1,38 (12)
1,39 (7)
1,40 (10)
1,41 (7)
1,42 (8)
1,43 (4)
1,44 (8)
1,45 (6)
1,46 (14)
1,47 (8)
1,48 (11)
1,49 (6)
1,50 (9)
1,51 (5)
1,52 (9)
1,53 (10)
1,54 (7)
1,55 (5)
1,56 (9)
1,57 (9)
1,58 (8)
1,59 (5)
1,60 (5)
1,61 (8)
1,62 (8)
1,63 (7)
1,64 (11)
1,65 (7)
1,66 (11)
1,67 (8)
1,68 (11)
1,69 (10)
1,70 (4)
1,71 (10)
1,72 (3)
1,73 (8)
1,74 (7)
1,75 (5)
1,76 (11)
1,77 (5)
1,78 (5)
1,79 (4)
1,80 (6)
1,81 (8)
1,82 (6)
1,83 (9)
1,84 (6)
1,85 (8)
1,86 (4)
1,87 (5)
1,88 (4)
1,89 (4)
1,90 (5)
1,91 (5)
1,92 (5)
1,93 (7)
1,94 (4)
1,95 (6)
1,96 (6)
1,97 (8)
1,98 (4)
1,99 (6)
1,100 (9)
1,101 (4)
1,102 (2)
1,103 (7)
1,104 (9)
1,105 (6)
1,106 (7)
1,107 (5)
1,108 (7)
1,109 (8)
1,110 (4)
1,111 (9)
1,112 (10)
1,113 (6)
1,114 (8)
1,115 (8)
1,116 (4)
1,117 (4)
1,118 (6)
1,119 (3)
1,144 (1)
1,4116 (1)
2,0 (80)
2,1 (89)
2,2 (90)
2,3 (82)
2,4 (71)
2,5 (88)
2,6 (90)
2,7 (72)
2,8 (69)
2,9 (76)
2,10 (6)
2,11 (9)
2,12 (6)
2,13 (8)
2,14 (7)
2,15 (9)
2,16 (6)
2,17 (9)
2,18 (5)
2,19 (7)
2,20 (5)
2,21 (9)
2,22 (7)
2,23 (8)
2,24 (6)
2,25 (6)
2,26 (4)
2,27 (9)
2,28 (5)
2,29 (8)
2,30 (10)
2,31 (4)
2,32 (15)
2,33 (11)
2,34 (9)
2,35 (4)
2,36 (8)
2,37 (6)
2,38 (7)
2,39 (7)
2,40 (6)
2,41 (10)
2,42 (14)
2,43 (9)
2,44 (7)
2,45 (8)
2,46 (6)
2,47 (9)
2,48 (10)
2,49 (6)
2,50 (11)
2,51 (9)
2,52 (7)
2,53 (7)
2,54 (9)
2,55 (8)
2,56 (6)
2,57 (10)
2,58 (8)
2,59 (10)
2,60 (9)
2,61 (10)
2,62 (7)
2,63 (11)
2,64 (7)
2,65 (3)
2,66 (4)
2,67 (9)
2,68 (5)
2,69 (6)
2,70 (8)
2,71 (6)
2,72 (5)
2,73 (4)
2,74 (7)
2,75 (7)
2,76 (11)
2,77 (6)
2,78 (8)
2,79 (11)
2,80 (6)
2,81 (4)
2,82 (6)
2,83 (7)
2,84 (4)
2,85 (7)
2,86 (3)
2,87 (8)
2,88 (4)
2,89 (4)
2,90 (9)
2,91 (3)
2,92 (3)
2,93 (7)
2,94 (5)
2,95 (6)
2,96 (7)
2,97 (7)
2,98 (7)
2,99 (8)
2,100 (7)
2,101 (9)
2,102 (3)
2,103 (3)
2,104 (8)
2,105 (8)
2,106 (5)
2,107 (5)
2,108 (5)
2,109 (7)
2,110 (6)
2,111 (5)
2,112 (11)
2,113 (6)
2,114 (8)
2,115 (4)
2,116 (6)
2,117 (8)
2,118 (10)
2,119 (4)
2,120 (10)
2,121 (3)
2,122 (5)
2,123 (4)
2,124 (6)
2,125 (11)
2,126 (3)
2,127 (7)
2,128 (6)
2,129 (10)
2,130 (3)
2,131 (8)
2,132 (6)
2,133 (6)
2,134 (10)
2,135 (2)
2,136 (3)
2,137 (7)
2,138 (9)
2,139 (7)
2,140 (5)
2,141 (5)
2,142 (3)
2,143 (8)
2,144 (5)
2,145 (4)
2,146 (6)
2,147 (6)
2,148 (6)
2,149 (6)
2,150 (4)
2,151 (11)
2,152 (6)
2,153 (6)
2,154 (2)
2,155 (1)
2,156 (1)
2,157 (3)
2,158 (4)
2,159 (8)
2,160 (6)
2,161 (5)
2,162 (3)
2,163 (5)
2,164 (5)
2,165 (6)
2,166 (2)
2,167 (9)
2,168 (9)
2,169 (6)
2,170 (4)
2,171 (5)
2,172 (8)
2,173 (5)
2,174 (3)
2,175 (1)
2,176 (7)
2,177 (8)
2,178 (10)
2,179 (6)
2,180 (7)
2,181 (3)
2,182 (7)
2,183 (6)
2,184 (5)
2,185 (6)
2,186 (6)
2,187 (8)
2,188 (7)
2,189 (9)
2,190 (2)
2,191 (4)
2,192 (5)
2,193 (7)
2,194 (7)
2,195 (4)
2,196 (6)
2,197 (6)
2,198 (5)
2,199 (8)
2,200 (6)
2,201 (7)
2,202 (5)
2,203 (4)
2,204 (10)
2,205 (3)
2,206 (8)
2,207 (2)
2,208 (4)
2,209 (6)
2,210 (1)
2,211 (3)
2,212 (4)
2,213 (6)
2,214 (6)
2,215 (2)
2,216 (3)
2,217 (3)
2,218 (3)
2,219 (8)
2,220 (9)
2,221 (5)
2,222 (3)
2,223 (6)
2,224 (5)
2,225 (3)
2,226 (3)
2,227 (2)
2,228 (3)
2,229 (2)
2,230 (3)
2,231 (6)
2,232 (7)
2,233 (7)
2,234 (3)
2,235 (8)
2,236 (5)
2,237 (3)
2,238 (5)
2,239 (4)
2,240 (3)
2,241 (6)
2,242 (7)
2,243 (6)
2,244 (4)
2,245 (4)
2,246 (6)
2,247 (5)
2,248 (8)
2,249 (6)
2,317 (1)
3,0 (111)
3,1 (120)
3,2 (119)
3,3 (115)
3,4 (117)
3,5 (92)
3,6 (117)
3,7 (112)
3,8 (107)
3,9 (104)
3,10 (12)
3,11 (6)
3,12 (3)
3,13 (2)
3,14 (4)
3,15 (7)
3,16 (8)
3,17 (7)
3,18 (6)
3,19 (5)
3,20 (3)
3,21 (8)
3,22 (4)
3,23 (4)
3,24 (2)
3,25 (1)
3,26 (2)
3,27 (8)
3,28 (4)
3,29 (5)
3,30 (5)
3,31 (5)
3,32 (4)
3,33 (9)
3,34 (8)
3,35 (5)
3,36 (3)
3,37 (5)
3,38 (2)
3,39 (5)
3,40 (9)
3,41 (5)
3,42 (5)
3,43 (4)
3,44 (7)
3,45 (11)
3,46 (7)
3,47 (2)
3,48 (3)
3,49 (6)
3,50 (6)
3,51 (3)
3,52 (5)
3,53 (10)
3,54 (3)
3,55 (4)
3,56 (2)
3,57 (4)
3,58 (2)
3,59 (5)
3,60 (4)
3,61 (7)
3,62 (2)
3,63 (7)
3,64 (6)
3,65 (5)
3,66 (3)
3,67 (4)
3,68 (9)
3,69 (4)
3,70 (10)
3,71 (2)
3,72 (4)
3,73 (3)
3,74 (4)
3,75 (3)
3,76 (6)
3,77 (6)
3,78 (3)
3,79 (7)
3,80 (4)
3,81 (5)
3,82 (2)
3,83 (5)
3,84 (3)
3,85 (5)
3,86 (4)
3,87 (10)
3,88 (7)
3,89 (7)
3,90 (5)
3,91 (5)
3,92 (7)
3,93 (4)
3,94 (3)
3,95 (2)
3,96 (4)
3,97 (3)
3,98 (6)
3,99 (4)
3,100 (7)
3,101 (4)
3,102 (4)
3,103 (3)
3,104 (7)
3,105 (7)
3,106 (1)
3,107 (8)
3,108 (5)
3,109 (5)
3,110 (1)
3,111 (3)
3,112 (5)
3,113 (4)
3,114 (4)
3,115 (5)
3,116 (5)
3,117 (6)
3,118 (5)
3,119 (7)
3,120 (1)
3,121 (2)
3,122 (7)
3,123 (2)
3,124 (3)
3,125 (8)
3,126 (5)
3,127 (7)
3,128 (2)
3,129 (3)
3,130 (3)
3,131 (6)
3,132 (1)
3,133 (9)
3,134 (3)
3,135 (5)
3,136 (1)
3,137 (3)
3,138 (4)
3,140 (6)
3,141 (10)
3,142 (3)
3,143 (3)
3,144 (3)
3,145 (8)
3,146 (3)
3,147 (6)
3,148 (5)
3,149 (1)
3,150 (6)
3,151 (6)
3,152 (12)
3,153 (5)
3,154 (10)
3,155 (6)
3,156 (8)
3,157 (4)
3,158 (13)
3,159 (10)
3,160 (10)
3,161 (4)
3,162 (8)
3,163 (12)
3,164 (7)
3,165 (5)
3,166 (5)
3,167 (4)
3,168 (7)
3,169 (6)
3,170 (1)
3,171 (5)
3,172 (5)
3,173 (4)
3,174 (6)
3,175 (4)
3,176 (3)
3,177 (4)
3,178 (5)
3,179 (6)
3,180 (5)
3,181 (8)
3,182 (9)
3,183 (5)
3,184 (4)
3,185 (13)
3,186 (5)
3,187 (6)
3,188 (3)
3,189 (3)
3,190 (4)
3,191 (8)
3,192 (8)
3,193 (2)
3,194 (3)
3,195 (3)
3,196 (5)
3,197 (4)
3,198 (4)
3,199 (4)
3,200 (4)
3,201 (3)
3,202 (6)
3,203 (2)
3,204 (4)
3,205 (2)
3,206 (6)
3,207 (5)
3,208 (9)
3,209 (4)
3,210 (4)
3,211 (6)
3,212 (5)
3,213 (5)
3,214 (6)
3,215 (5)
3,216 (5)
3,217 (7)
3,218 (4)
3,219 (3)
3,220 (3)
3,221 (6)
3,222 (4)
3,223 (7)
3,224 (8)
3,225 (8)
3,226 (4)
3,227 (4)
3,228 (4)
3,229 (6)
3,230 (6)
3,231 (5)
3,232 (6)
3,233 (5)
3,234 (5)
3,235 (7)
3,236 (6)
3,237 (2)
3,238 (4)
3,239 (6)
3,240 (4)
3,241 (11)
3,242 (7)
3,243 (4)
3,244 (6)
3,245 (6)
3,246 (8)
3,247 (5)
3,248 (4)
3,249 (5)
3,250 (5)
3,251 (9)
3,252 (5)
3,253 (2)
3,254 (7)
3,255 (10)
3,256 (3)
3,257 (6)
3,258 (5)
3,259 (6)
3,260 (2)
3,261 (4)
3,262 (7)
3,263 (6)
3,264 (4)
3,265 (7)
3,266 (5)
3,267 (6)
3,268 (5)
3,269 (5)
3,270 (3)
3,271 (10)
3,272 (8)
3,273 (5)
3,274 (7)
3,275 (3)
3,276 (4)
3,277 (7)
3,278 (2)
3,279 (6)
3,280 (7)
3,281 (5)
3,282 (7)
3,283 (1)
3,284 (5)
3,285 (7)
3,286 (4)
3,628 (1)
3,12484 (1)
4,0 (93)
4,1 (92)
4,2 (98)
4,3 (98)
4,4 (106)
4,5 (106)
4,6 (95)
4,7 (113)
4,8 (101)
4,9 (112)
4,10 (4)
4,11 (9)
4,12 (1)
4,13 (5)
4,14 (3)
4,15 (8)
4,16 (2)
4,17 (6)
4,18 (4)
4,19 (8)
4,20 (6)
4,21 (4)
4,22 (3)
4,23 (5)
4,24 (3)
4,25 (5)
4,26 (9)
4,27 (4)
4,28 (4)
4,30 (9)
4,31 (3)
4,32 (3)
4,33 (4)
4,34 (6)
4,35 (7)
4,36 (9)
4,37 (10)
4,38 (7)
4,39 (7)
4,40 (5)
4,41 (6)
4,42 (2)
4,43 (7)
4,44 (8)
4,45 (8)
4,46 (8)
4,47 (6)
4,48 (4)
4,49 (8)
4,50 (6)
4,51 (9)
4,52 (6)
4,53 (4)
4,54 (5)
4,55 (5)
4,56 (6)
4,57 (8)
4,58 (3)
4,59 (7)
4,60 (8)
4,61 (6)
4,62 (8)
4,63 (9)
4,64 (9)
4,65 (7)
4,66 (5)
4,67 (9)
4,68 (6)
4,69 (7)
4,70 (9)
4,71 (8)
4,72 (6)
4,73 (8)
4,74 (4)
4,75 (3)
4,76 (2)
4,77 (6)
4,78 (6)
4,79 (4)
4,80 (7)
4,81 (4)
4,82 (8)
4,83 (7)
4,84 (7)
4,85 (2)
4,86 (3)
4,87 (7)
4,88 (6)
4,89 (8)
4,90 (6)
4,91 (2)
4,92 (7)
4,93 (5)
4,94 (5)
4,95 (7)
4,96 (5)
4,97 (3)
4,98 (2)
4,99 (5)
4,100 (1)
4,101 (1)
4,102 (8)
4,103 (6)
4,104 (5)
4,105 (5)
4,106 (4)
4,107 (5)
4,108 (5)
4,109 (1)
4,110 (7)
4,111 (3)
4,112 (5)
4,113 (8)
4,114 (1)
4,115 (8)
4,116 (5)
4,117 (4)
4,118 (5)
4,119 (6)
4,120 (3)
4,121 (10)
4,122 (8)
4,123 (4)
4,124 (6)
4,125 (5)
4,126 (5)
4,127 (3)
4,128 (2)
4,129 (7)
4,130 (3)
4,131 (4)
4,132 (6)
4,133 (6)
4,134 (3)
4,135 (4)
4,136 (3)
4,137 (2)
4,138 (2)
4,139 (4)
4,140 (6)
4,141 (9)
4,142 (2)
4,143 (5)
4,144 (4)
4,145 (7)
4,146 (3)
4,147 (1)
4,148 (4)
4,149 (6)
4,150 (5)
4,151 (8)
4,152 (5)
4,153 (2)
4,154 (5)
4,155 (2)
4,156 (6)
4,157 (6)
4,158 (4)
4,159 (3)
4,161 (1)
4,162 (2)
4,163 (7)
4,164 (6)
4,165 (4)
4,166 (7)
4,167 (6)
4,168 (5)
4,169 (3)
4,170 (3)
4,172 (8)
4,173 (3)
4,174 (3)
4,175 (6)
4,176 (5)
4,177 (4)
4,178 (6)
4,179 (3)
4,180 (2)
4,181 (6)
4,182 (5)
4,183 (4)
4,184 (5)
4,185 (5)
4,186 (3)
4,187 (1)
4,188 (2)
4,189 (4)
4,190 (5)
4,191 (7)
4,192 (2)
4,193 (4)
4,194 (6)
4,195 (5)
4,196 (8)
4,197 (4)
4,198 (4)
4,199 (4)
4,200 (3)
4,201 (2)
4,202 (5)
4,203 (5)
4,204 (4)
4,205 (4)
4,206 (3)
4,207 (3)
4,208 (6)
4,209 (7)
4,210 (7)
4,211 (2)
4,212 (7)
4,213 (4)
4,214 (6)
4,215 (8)
4,216 (3)
4,217 (5)
4,218 (8)
4,219 (5)
4,220 (2)
4,221 (4)
4,222 (6)
4,223 (7)
4,224 (2)
4,225 (7)
4,226 (3)
4,227 (8)
4,228 (2)
4,229 (6)
4,230 (3)
4,231 (12)
4,232 (8)
4,233 (4)
4,234 (2)
4,235 (3)
4,236 (4)
4,237 (3)
4,238 (4)
4,239 (1)
4,241 (3)
4,242 (2)
4,243 (6)
4,244 (2)
4,245 (4)
4,246 (8)
4,247 (7)
4,248 (3)
4,249 (2)
4,250 (6)
4,251 (4)
4,252 (3)
4,253 (5)
4,254 (3)
4,255 (5)
4,256 (2)
4,257 (7)
4,258 (6)
4,259 (4)
4,260 (5)
4,348 (1)
5,0 (50)
5,1 (65)
5,2 (79)
5,3 (79)
5,4 (65)
5,5 (77)
5,6 (73)
5,7 (84)
5,8 (70)
5,9 (79)
5,10 (8)
5,11 (7)
5,12 (10)
5,13 (11)
5,14 (6)
5,15 (2)
5,16 (9)
5,17 (4)
5,18 (4)
5,19 (2)
5,20 (3)
5,21 (2)
5,22 (4)
5,23 (7)
5,24 (4)
5,25 (5)
5,26 (5)
5,27 (4)
5,28 (2)
5,29 (5)
5,30 (4)
5,31 (6)
5,32 (2)
5,33 (2)
5,34 (4)
5,36 (1)
5,37 (6)
5,38 (6)
5,39 (4)
5,40 (3)
5,41 (5)
5,42 (6)
5,44 (5)
5,45 (4)
5,46 (5)
5,47 (3)
5,48 (2)
5,49 (2)
5,50 (3)
5,51 (12)
5,52 (3)
5,53 (2)
5,54 (3)
5,55 (3)
5,56 (5)
5,57 (2)
5,58 (4)
5,59 (7)
5,60 (15)
5,61 (4)
5,62 (2)
5,63 (8)
5,64 (10)
5,65 (3)
5,66 (8)
5,67 (6)
5,68 (5)
5,69 (3)
5,70 (9)
5,71 (3)
5,72 (4)
5,73 (4)
5,74 (2)
5,75 (6)
5,76 (6)
5,77 (6)
5,78 (4)
5,79 (5)
5,80 (2)
5,81 (1)
5,82 (3)
5,83 (3)
5,84 (12)
5,85 (3)
5,86 (5)
5,87 (4)
5,88 (7)
5,89 (7)
5,90 (8)
5,91 (2)
5,92 (6)
5,93 (5)
5,94 (4)
5,95 (7)
5,96 (9)
5,97 (3)
5,98 (5)
5,99 (6)
5,101 (3)
5,102 (3)
5,103 (4)
5,104 (9)
5,105 (2)
5,106 (2)
5,107 (6)
5,108 (7)
5,109 (1)
5,110 (4)
5,111 (3)
5,112 (5)
5,113 (6)
5,114 (10)
5,115 (10)
5,116 (6)
5,117 (6)
5,118 (2)
5,119 (2)
5,120 (7)
5,121 (6)
5,122 (5)
5,123 (3)
5,124 (4)
5,125 (4)
5,126 (5)
5,127 (4)
5,128 (4)
5,129 (6)
5,130 (5)
5,131 (4)
5,132 (3)
5,133 (5)
5,134 (6)
5,135 (10)
5,136 (8)
5,137 (4)
5,138 (2)
5,139 (1)
5,140 (6)
5,141 (8)
5,142 (3)
5,143 (4)
5,144 (6)
5,145 (6)
5,147 (1)
5,148 (3)
5,149 (1)
5,150 (6)
5,151 (4)
5,152 (5)
5,153 (4)
5,154 (3)
5,155 (3)
5,156 (3)
5,157 (4)
5,158 (5)
5,159 (5)
5,160 (3)
5,161 (3)
5,162 (4)
5,163 (5)
5,164 (4)
5,165 (3)
5,166 (1)
5,167 (3)
5,168 (6)
6,0 (35)
6,1 (49)
6,2 (44)
6,3 (45)
6,4 (50)
6,5 (39)
6,6 (44)
6,7 (35)
6,8 (39)
6,9 (47)
6,10 (7)
6,11 (5)
6,12 (5)
6,13 (2)
6,14 (8)
6,15 (4)
6,16 (4)
6,17 (7)
6,18 (5)
6,19 (4)
6,20 (5)
6,21 (7)
6,22 (9)
6,23 (7)
6,24 (3)
6,25 (9)
6,26 (8)
6,27 (3)
6,28 (3)
6,29 (4)
6,30 (1)
6,31 (6)
6,32 (5)
6,33 (6)
6,34 (3)
6,35 (5)
6,36 (2)
6,38 (7)
6,39 (3)
6,40 (5)
6,41 (8)
6,42 (7)
6,43 (4)
6,44 (6)
6,45 (8)
6,46 (2)
6,47 (3)
6,48 (9)
6,49 (9)
6,50 (7)
6,51 (3)
6,52 (3)
6,53 (6)
6,54 (3)
6,55 (5)
6,56 (9)
6,57 (9)
6,58 (4)
6,59 (6)
6,60 (5)
6,61 (5)
6,62 (8)
6,63 (5)
6,64 (3)
6,65 (6)
6,66 (2)
6,67 (6)
6,68 (4)
6,69 (4)
6,70 (2)
6,71 (6)
6,72 (5)
6,73 (6)
6,74 (8)
6,75 (5)
6,76 (9)
6,77 (9)
6,78 (4)
6,79 (3)
6,80 (2)
6,81 (3)
6,82 (5)
6,83 (3)
6,84 (2)
6,85 (3)
6,86 (3)
6,87 (1)
6,88 (3)
6,89 (2)
6,90 (5)
6,91 (3)
6,92 (9)
6,93 (4)
6,94 (2)
6,95 (7)
6,96 (3)
6,97 (1)
6,183 (1)
7,0 (74)
7,1 (96)
7,2 (75)
7,3 (88)
7,4 (71)
7,5 (93)
7,6 (85)
7,7 (85)
7,8 (86)
7,9 (75)
7,10 (7)
7,11 (3)
7,12 (6)
7,13 (4)
7,14 (5)
7,15 (4)
7,16 (4)
7,17 (6)
7,18 (3)
7,19 (4)
7,20 (6)
7,21 (5)
7,22 (5)
7,23 (4)
7,24 (5)
7,25 (10)
7,26 (6)
7,27 (6)
7,28 (2)
7,29 (6)
7,30 (7)
7,31 (9)
7,32 (9)
7,33 (8)
7,34 (7)
7,35 (4)
7,36 (2)
7,37 (6)
7,38 (3)
7,39 (4)
7,40 (3)
7,41 (8)
7,42 (6)
7,43 (8)
7,44 (7)
7,45 (7)
7,46 (5)
7,47 (7)
7,48 (9)
7,49 (1)
7,50 (2)
7,51 (2)
7,52 (9)
7,53 (1)
7,54 (9)
7,55 (6)
7,56 (6)
7,57 (4)
7,58 (6)
7,59 (5)
7,60 (4)
7,61 (5)
7,62 (3)
7,63 (5)
7,64 (6)
7,65 (4)
7,66 (4)
7,67 (4)
7,68 (6)
7,69 (14)
7,70 (11)
7,71 (2)
7,72 (7)
7,73 (3)
7,74 (3)
7,75 (5)
7,76 (8)
7,77 (4)
7,78 (4)
7,79 (5)
7,80 (7)
7,81 (2)
7,82 (4)
7,83 (3)
7,84 (5)
7,85 (4)
7,86 (3)
7,87 (7)
7,88 (4)
7,89 (8)
7,90 (11)
7,91 (7)
7,92 (6)
7,93 (7)
7,94 (3)
7,95 (4)
7,96 (4)
7,97 (3)
7,98 (3)
7,99 (3)
7,100 (3)
7,101 (6)
7,102 (5)
7,103 (1)
7,104 (4)
7,105 (3)
7,106 (5)
7,107 (7)
7,108 (3)
7,109 (2)
7,110 (3)
7,111 (6)
7,112 (4)
7,113 (6)
7,114 (4)
7,115 (6)
7,116 (5)
7,118 (5)
7,119 (7)
7,120 (4)
7,121 (10)
7,122 (3)
7,123 (4)
7,124 (4)
7,125 (4)
7,126 (15)
7,127 (11)
7,128 (1)
7,129 (4)
7,130 (5)
7,131 (3)
7,132 (3)
7,133 (2)
7,134 (4)
7,135 (7)
7,136 (2)
7,137 (4)
7,138 (1)
7,139 (1)
7,140 (2)
7,141 (3)
7,142 (4)
7,143 (4)
7,144 (2)
7,145 (6)
7,146 (5)
7,147 (8)
7,148 (2)
7,149 (8)
7,150 (6)
7,151 (4)
7,152 (5)
7,153 (9)
7,154 (12)
7,155 (3)
7,156 (1)
7,157 (6)
7,158 (3)
7,159 (3)
7,160 (6)
7,161 (2)
7,162 (1)
7,163 (6)
7,164 (2)
7,165 (4)
7,166 (4)
7,167 (10)
7,168 (1)
7,169 (4)
7,170 (4)
7,171 (4)
7,172 (4)
7,173 (1)
7,174 (3)
7,175 (3)
7,176 (4)
7,177 (5)
7,178 (2)
7,179 (3)
7,180 (4)
7,181 (3)
7,182 (10)
7,183 (7)
7,184 (10)
7,185 (5)
7,186 (4)
7,187 (9)
7,188 (7)
7,189 (5)
7,190 (10)
7,191 (3)
7,192 (9)
7,193 (5)
7,194 (5)
7,195 (5)
7,196 (4)
7,197 (8)
7,198 (3)
7,199 (3)
7,200 (5)
7,201 (5)
7,202 (4)
7,203 (4)
7,204 (7)
7,205 (1)
7,206 (2)
7,207 (4)
7,208 (7)
7,209 (5)
7,210 (5)
7,211 (9)
7,212 (7)
7,213 (2)
7,214 (8)
7,215 (5)
7,216 (8)
7,217 (10)
7,218 (4)
7,219 (4)
7,220 (5)
7,222 (3)
7,223 (7)
7,224 (5)
7,225 (5)
7,226 (3)
7,2498 (1)
8,0 (197)
8,1 (156)
8,2 (182)
8,3 (182)
8,4 (184)
8,5 (152)
8,6 (170)
8,7 (170)
8,8 (147)
8,9 (153)
8,10 (5)
8,11 (2)
8,12 (1)
8,13 (3)
8,14 (1)
8,16 (4)
8,17 (4)
8,18 (5)
8,19 (5)
8,20 (4)
8,21 (4)
8,22 (4)
8,23 (3)
8,24 (4)
8,25 (8)
8,26 (2)
8,27 (6)
8,28 (6)
8,30 (7)
8,31 (5)
8,32 (4)
8,33 (3)
8,34 (7)
8,35 (2)
8,36 (5)
8,37 (3)
8,38 (3)
8,39 (3)
8,40 (2)
8,41 (4)
8,42 (4)
8,43 (4)
8,44 (7)
8,45 (3)
8,46 (1)
8,47 (6)
8,48 (3)
8,49 (6)
8,50 (4)
8,51 (3)
8,52 (5)
8,53 (8)
8,54 (7)
8,55 (8)
8,56 (3)
8,57 (6)
8,58 (4)
8,59 (10)
8,60 (5)
8,61 (5)
8,62 (4)
8,63 (2)
8,64 (5)
8,65 (5)
8,66 (3)
8,67 (4)
8,68 (5)
8,69 (4)
8,70 (1)
8,71 (9)
8,73 (5)
8,74 (5)
8,75 (7)
8,76 (6)
8,77 (6)
8,78 (6)
8,79 (5)
8,80 (3)
8,81 (2)
8,82 (6)
8,83 (1)
8,84 (2)
8,85 (4)
8,86 (3)
8,87 (2)
8,88 (3)
8,89 (2)
8,90 (4)
8,91 (2)
8,92 (6)
8,93 (8)
8,94 (7)
8,95 (6)
8,96 (2)
8,97 (2)
8,98 (2)
8,99 (1)
8,100 (2)
8,101 (3)
8,102 (4)
8,103 (3)
8,104 (3)
8,105 (5)
8,106 (7)
8,107 (3)
8,108 (5)
8,109 (8)
8,110 (3)
8,111 (1)
8,112 (2)
8,113 (3)
8,114 (4)
8,115 (3)
8,116 (7)
8,117 (3)
8,118 (3)
8,120 (3)
8,121 (3)
8,122 (3)
8,123 (3)
8,124 (5)
8,125 (4)
8,126 (6)
8,127 (5)
8,128 (3)
8,129 (12)
8,130 (2)
8,131 (5)
8,132 (9)
8,133 (4)
8,134 (7)
8,135 (6)
8,136 (5)
8,137 (4)
8,138 (3)
8,139 (7)
8,140 (7)
8,141 (2)
8,142 (4)
8,143 (9)
8,144 (8)
8,145 (5)
8,146 (5)
8,147 (3)
8,148 (6)
8,149 (5)
8,150 (1)
8,151 (10)
8,152 (5)
8,153 (11)
8,154 (5)
8,155 (3)
8,156 (4)
8,157 (8)
8,158 (6)
8,159 (6)
8,160 (3)
8,161 (7)
8,162 (2)
8,163 (3)
8,164 (8)
8,165 (5)
8,166 (7)
8,167 (2)
8,168 (2)
8,169 (4)
8,170 (2)
8,171 (2)
8,172 (5)
8,173 (6)
8,174 (1)
8,175 (1)
8,176 (3)
8,177 (1)
8,178 (5)
8,179 (7)
8,180 (3)
8,181 (5)
8,182 (3)
8,183 (4)
8,184 (4)
8,185 (5)
8,186 (1)
8,187 (5)
8,188 (5)
8,189 (2)
8,190 (4)
8,191 (3)
8,192 (4)
8,193 (5)
8,194 (1)
8,195 (6)
8,196 (3)
8,197 (5)
8,198 (9)
8,199 (1)
8,200 (1)
8,201 (4)
8,202 (7)
8,203 (8)
8,204 (5)
8,205 (5)
8,206 (3)
8,207 (2)
8,208 (2)
8,209 (11)
8,210 (8)
8,211 (2)
8,212 (3)
8,213 (2)
8,214 (5)
8,215 (3)
8,216 (3)
8,217 (1)
8,218 (3)
8,219 (5)
8,220 (1)
8,221 (2)
8,222 (6)
8,223 (4)
8,224 (4)
8,225 (4)
8,226 (3)
8,227 (7)
8,228 (2)
8,229 (4)
8,230 (2)
8,231 (10)
8,232 (6)
8,233 (2)
8,234 (4)
8,235 (6)
8,236 (4)
8,237 (6)
8,238 (6)
8,239 (7)
8,240 (5)
8,241 (3)
8,242 (5)
8,243 (4)
8,245 (8)
8,246 (10)
8,247 (6)
8,248 (7)
8,249 (4)
8,250 (8)
8,251 (7)
8,252 (3)
8,253 (3)
8,254 (8)
8,255 (5)
8,256 (6)
8,257 (4)
8,258 (1)
8,259 (4)
8,260 (8)
8,261 (1)
8,262 (3)
8,264 (2)
8,265 (3)
8,267 (4)
8,268 (5)
8,269 (4)
8,270 (4)
8,271 (9)
8,272 (5)
8,273 (2)
8,274 (3)
8,275 (6)
8,276 (1)
8,277 (4)
8,278 (2)
8,279 (6)
8,280 (3)
8,281 (11)
8,282 (8)
8,283 (5)
8,284 (4)
8,286 (3)
8,287 (5)
8,288 (2)
8,289 (7)
8,290 (3)
8,291 (11)
8,292 (5)
8,293 (4)
8,294 (2)
8,295 (5)
8,296 (4)
8,297 (3)
8,298 (7)
8,299 (6)
8,300 (3)
8,302 (3)
8,303 (3)
8,304 (1)
8,305 (3)
8,306 (2)
8,307 (3)
8,308 (3)
8,309 (6)
8,310 (4)
8,311 (3)
8,312 (1)
8,313 (3)
8,314 (2)
8,315 (9)
8,316 (5)
8,317 (6)
8,318 (3)
8,319 (4)
8,320 (3)
8,321 (4)
8,322 (1)
8,324 (5)
8,325 (2)
8,326 (6)
8,327 (1)
8,329 (2)
8,330 (4)
8,331 (3)
8,332 (5)
8,333 (2)
8,334 (5)
8,335 (3)
8,336 (1)
8,337 (2)
8,338 (1)
8,339 (3)
8,340 (3)
8,341 (8)
8,342 (7)
8,344 (3)
8,345 (1)
8,346 (3)
8,347 (6)
8,348 (4)
8,349 (3)
8,350 (5)
8,351 (4)
8,352 (4)
8,353 (4)
8,354 (2)
8,355 (1)
8,356 (4)
8,357 (7)
8,358 (2)
8,359 (5)
8,360 (2)
8,361 (3)
8,362 (6)
8,363 (3)
8,364 (3)
8,365 (5)
8,366 (3)
8,367 (5)
8,368 (2)
8,370 (3)
8,371 (6)
8,372 (4)
8,373 (6)
8,374 (6)
8,375 (5)
8,376 (4)
8,377 (4)
8,378 (2)
8,379 (1)
8,380 (4)
8,381 (4)
8,382 (1)
8,383 (1)
8,384 (1)
8,386 (9)
8,387 (3)
8,388 (2)
8,389 (2)
8,390 (2)
8,391 (3)
8,392 (5)
8,393 (2)
8,394 (5)
8,395 (2)
8,396 (6)
8,397 (4)
8,398 (5)
8,399 (6)
8,400 (6)
8,401 (7)
8,402 (4)
8,403 (7)
8,404 (5)
8,405 (10)
8,406 (8)
8,407 (1)
8,408 (6)
8,409 (4)
8,410 (3)
8,411 (1)
8,412 (2)
8,414 (3)
8,415 (8)
8,416 (3)
8,417 (5)
8,418 (3)
8,419 (3)
8,420 (1)
9,0 (153)
9,1 (137)
9,2 (130)
9,3 (122)
9,4 (134)
9,5 (138)
9,6 (134)
9,7 (130)
9,8 (134)
9,9 (152)
9,10 (6)
9,11 (9)
9,12 (8)
9,13 (4)
9,14 (2)
9,15 (5)
9,16 (4)
9,17 (5)
9,18 (2)
9,19 (6)
9,20 (4)
9,21 (3)
9,22 (4)
9,23 (6)
9,24 (1)
9,25 (4)
9,26 (5)
9,27 (5)
9,28 (4)
9,31 (3)
9,32 (3)
9,33 (6)
9,34 (2)
9,35 (1)
9,36 (3)
9,37 (2)
9,38 (7)
9,39 (5)
9,40 (3)
9,41 (6)
9,42 (7)
9,43 (6)
9,44 (5)
9,45 (4)
9,46 (5)
9,47 (4)
9,48 (3)
9,49 (6)
9,50 (6)
9,51 (4)
9,52 (6)
9,53 (3)
9,54 (3)
9,55 (1)
9,56 (3)
9,57 (2)
9,59 (2)
9,60 (2)
9,61 (4)
9,62 (3)
9,63 (2)
9,64 (3)
9,65 (4)
9,66 (5)
9,67 (7)
9,68 (6)
9,69 (3)
9,70 (5)
9,72 (4)
9,73 (2)
9,74 (6)
9,75 (3)
9,76 (4)
9,77 (5)
9,78 (3)
9,79 (3)
9,80 (5)
9,81 (6)
9,82 (4)
9,83 (6)
9,84 (3)
9,85 (3)
9,86 (2)
9,87 (6)
9,88 (3)
9,89 (3)
9,90 (3)
9,91 (1)
9,92 (3)
9,93 (4)
9,94 (7)
9,95 (3)
9,96 (4)
9,97 (2)
9,98 (1)
9,99 (2)
9,100 (2)
9,101 (4)
9,102 (3)
9,103 (3)
9,104 (4)
9,105 (1)
9,106 (3)
9,107 (7)
9,108 (2)
9,109 (4)
9,110 (1)
9,111 (3)
9,112 (4)
9,113 (3)
9,114 (5)
9,115 (4)
9,116 (3)
9,117 (2)
9,118 (2)
9,119 (3)
9,121 (4)
9,122 (2)
9,123 (6)
9,124 (1)
9,125 (2)
9,126 (7)
9,127 (4)
9,128 (3)
9,129 (6)
9,130 (1)
9,131 (4)
9,132 (2)
9,133 (2)
9,134 (1)
9,136 (3)
9,138 (3)
9,139 (2)
9,140 (1)
9,141 (3)
9,142 (4)
9,143 (4)
9,144 (1)
9,145 (1)
9,147 (3)
9,148 (4)
9,149 (2)
9,150 (5)
9,151 (4)
9,152 (2)
9,153 (2)
9,154 (4)
9,155 (1)
9,157 (2)
9,158 (5)
9,159 (3)
9,160 (4)
9,161 (4)
9,162 (2)
9,163 (2)
9,164 (3)
9,165 (1)
9,166 (3)
9,167 (3)
9,168 (2)
9,169 (2)
9,170 (3)
9,171 (3)
9,172 (3)
9,173 (3)
9,174 (5)
9,175 (4)
9,176 (3)
9,177 (3)
9,178 (3)
9,179 (1)
9,180 (3)
9,181 (3)
9,182 (1)
9,183 (3)
9,184 (1)
9,185 (1)
9,186 (2)
9,187 (4)
9,188 (3)
9,189 (3)
9,190 (4)
9,192 (3)
9,193 (2)
9,194 (6)
9,195 (1)
9,196 (1)
9,198 (4)
9,199 (4)
9,200 (1)
9,201 (2)
9,202 (3)
9,203 (2)
9,204 (3)
9,205 (2)
9,206 (5)
9,207 (3)
9,208 (4)
9,209 (3)
9,210 (2)
9,211 (4)
9,212 (4)
9,213 (4)
9,214 (1)
9,215 (2)
9,216 (1)
9,217 (1)
9,218 (2)
9,219 (6)
9,220 (2)
9,221 (4)
9,222 (5)
9,223 (1)
9,224 (3)
9,225 (2)
9,226 (4)
9,227 (4)
9,228 (5)
9,229 (2)
9,230 (4)
9,231 (5)
9,232 (10)
9,233 (5)
9,234 (2)
9,235 (6)
9,236 (1)
9,237 (9)
9,238 (6)
9,239 (4)
9,240 (1)
9,241 (2)
9,242 (4)
9,244 (6)
9,245 (3)
9,246 (5)
9,247 (6)
9,248 (5)
9,249 (5)
9,250 (1)
9,251 (2)
9,252 (5)
9,253 (6)
9,254 (5)
9,255 (6)
9,256 (3)
9,257 (5)
9,258 (8)
9,259 (4)
9,260 (5)
9,261 (8)
9,262 (2)
9,263 (3)
9,264 (7)
9,265 (6)
9,266 (7)
9,267 (3)
9,268 (3)
9,269 (5)
9,270 (5)
9,271 (5)
9,272 (4)
9,273 (8)
9,274 (7)
9,275 (3)
9,276 (5)
9,277 (7)
9,278 (4)
9,279 (2)
9,280 (3)
9,281 (1)
9,282 (4)
9,283 (4)
9,284 (7)
9,285 (5)
9,286 (8)
9,287 (4)
9,288 (5)
9,289 (6)
9,290 (6)
9,291 (5)
9,292 (6)
9,293 (3)
9,294 (5)
9,295 (1)
9,296 (4)
9,297 (1)
9,298 (3)
9,299 (4)
9,300 (2)
9,301 (2)
9,302 (6)
9,303 (4)
9,304 (2)
9,305 (2)
9,306 (5)
9,307 (2)
9,308 (4)
9,309 (3)
9,310 (6)
9,311 (2)
9,312 (1)
9,313 (6)
9,314 (4)
9,315 (4)
9,316 (2)
9,317 (3)
9,318 (6)
9,319 (2)
9,320 (4)
9,321 (9)
9,322 (9)
9,323 (4)
9,324 (1)
9,325 (2)
9,326 (3)
9,327 (2)
9,328 (3)
9,329 (7)
9,330 (4)
9,331 (4)
9,332 (2)
9,333 (1)
9,334 (1)
9,335 (6)
10,0 (52)
10,1 (49)
10,2 (59)
10,3 (67)
10,4 (63)
10,5 (58)
10,6 (65)
10,7 (56)
10,8 (66)
10,9 (63)
10,10 (1)
10,11 (3)
10,12 (4)
10,13 (5)
10,14 (3)
10,15 (4)
10,16 (1)
10,17 (1)
10,18 (2)
10,19 (5)
10,20 (3)
10,21 (6)
10,22 (7)
10,23 (6)
10,24 (2)
10,25 (6)
10,26 (1)
10,27 (4)
10,28 (4)
10,29 (2)
10,30 (2)
10,31 (4)
10,32 (8)
10,33 (10)
10,34 (6)
10,35 (5)
10,36 (9)
10,37 (7)
10,38 (5)
10,39 (5)
10,40 (4)
10,41 (4)
10,42 (3)
10,43 (3)
10,44 (12)
10,45 (3)
10,47 (6)
10,48 (10)
10,49 (7)
10,50 (1)
10,51 (6)
10,52 (3)
10,53 (3)
10,54 (2)
10,55 (5)
10,56 (1)
10,57 (7)
10,58 (4)
10,59 (6)
10,60 (5)
10,61 (4)
10,62 (2)
10,64 (4)
10,65 (1)
10,66 (4)
10,68 (4)
10,69 (2)
10,70 (2)
10,71 (5)
10,72 (5)
10,73 (3)
10,74 (2)
10,75 (1)
10,76 (2)
10,78 (2)
10,79 (6)
10,81 (2)
10,82 (7)
10,83 (3)
10,84 (3)
10,85 (10)
10,86 (2)
10,87 (4)
10,88 (1)
10,89 (4)
10,90 (2)
10,91 (6)
10,92 (3)
10,93 (3)
10,94 (3)
10,95 (5)
10,96 (2)
10,97 (3)
10,98 (2)
10,99 (1)
10,100 (2)
10,101 (2)
10,102 (1)
10,103 (1)
10,104 (3)
10,105 (6)
10,106 (4)
10,107 (6)
10,108 (4)
10,109 (1)
10,110 (1)
10,111 (3)
10,112 (7)
10,113 (3)
10,114 (5)
10,115 (4)
10,116 (5)
10,117 (4)
10,118 (2)
10,119 (3)
10,120 (1)
10,121 (4)
10,122 (2)
10,124 (4)
10,125 (2)
10,126 (1)
10,127 (4)
10,128 (4)
10,129 (1)
10,130 (1)
10,131 (1)
10,181 (1)
11,0 (125)
11,1 (126)
11,2 (133)
11,3 (126)
11,4 (107)
11,5 (110)
11,6 (133)
11,7 (114)
11,8 (135)
11,9 (136)
11,10 (2)
11,11 (3)
11,12 (2)
11,14 (7)
11,15 (5)
11,16 (4)
11,17 (5)
11,18 (2)
11,19 (2)
11,20 (2)
11,21 (2)
11,22 (2)
11,23 (2)
11,24 (3)
11,25 (3)
11,26 (3)
11,27 (4)
11,28 (2)
11,29 (4)
11,30 (3)
11,31 (3)
11,32 (1)
11,33 (1)
11,34 (4)
11,35 (8)
11,36 (3)
11,37 (3)
11,38 (3)
11,39 (1)
11,40 (2)
11,41 (6)
11,42 (2)
11,43 (6)
11,44 (1)
11,45 (2)
11,46 (1)
11,47 (3)
11,48 (3)
11,49 (6)
11,50 (6)
11,51 (10)
11,52 (4)
11,53 (5)
11,54 (5)
11,55 (5)
11,56 (2)
11,57 (3)
11,58 (6)
11,59 (7)
11,60 (3)
11,61 (3)
11,62 (5)
11,63 (6)
11,64 (4)
11,65 (6)
11,66 (3)
11,67 (6)
11,68 (3)
11,69 (5)
11,70 (12)
11,71 (1)
11,72 (2)
11,73 (3)
11,74 (8)
11,75 (5)
11,76 (3)
11,77 (11)
11,78 (2)
11,79 (2)
11,80 (4)
11,81 (2)
11,82 (8)
11,83 (2)
11,84 (3)
11,85 (4)
11,86 (6)
11,87 (2)
11,88 (2)
11,89 (1)
11,90 (6)
11,91 (2)
11,92 (6)
11,93 (1)
11,94 (4)
11,95 (13)
11,96 (5)
11,97 (3)
11,98 (1)
11,99 (4)
11,100 (1)
11,101 (4)
11,102 (3)
11,103 (7)
11,104 (6)
11,105 (3)
11,106 (1)
11,107 (2)
11,108 (4)
11,109 (2)
11,110 (7)
11,111 (3)
11,112 (7)
11,113 (4)
11,114 (3)
11,115 (2)
11,116 (2)
11,118 (2)
11,119 (4)
11,120 (2)
11,121 (2)
11,122 (2)
11,123 (3)
11,124 (1)
11,125 (8)
11,126 (7)
11,127 (3)
11,128 (1)
11,129 (2)
11,130 (2)
11,131 (3)
11,132 (4)
11,133 (4)
11,134 (5)
11,135 (4)
11,136 (4)
11,137 (4)
11,138 (5)
11,139 (2)
11,140 (5)
11,142 (9)
11,143 (3)
11,144 (5)
11,145 (2)
11,146 (7)
11,147 (8)
11,148 (2)
11,149 (2)
11,150 (2)
11,152 (1)
11,153 (3)
11,154 (2)
11,155 (2)
11,157 (4)
11,158 (1)
11,159 (2)
11,160 (4)
11,161 (3)
11,162 (2)
11,163 (1)
11,164 (6)
11,165 (2)
11,166 (3)
11,167 (1)
11,168 (4)
11,169 (2)
11,171 (3)
11,172 (6)
11,173 (1)
11,174 (4)
11,175 (3)
11,176 (3)
11,177 (3)
11,178 (1)
11,179 (2)
11,180 (3)
11,182 (2)
11,183 (6)
11,184 (2)
11,185 (4)
11,186 (3)
11,187 (5)
11,188 (1)
11,189 (6)
11,190 (5)
11,191 (3)
11,192 (3)
11,193 (2)
11,194 (2)
11,195 (5)
11,196 (7)
11,197 (3)
11,198 (3)
11,199 (2)
11,200 (4)
11,201 (6)
11,202 (4)
11,203 (3)
11,204 (6)
11,205 (6)
11,206 (2)
11,207 (3)
11,208 (3)
11,209 (3)
11,210 (3)
11,211 (1)
11,213 (3)
11,214 (4)
11,215 (3)
11,216 (4)
11,217 (4)
11,219 (1)
11,220 (4)
11,221 (5)
11,222 (2)
11,223 (3)
11,224 (5)
11,225 (2)
11,226 (2)
11,227 (3)
11,228 (1)
11,229 (2)
11,230 (2)
11,231 (6)
11,232 (2)
11,233 (4)
11,234 (4)
11,236 (2)
11,237 (5)
11,238 (8)
11,239 (3)
11,240 (3)
11,241 (3)
11,242 (3)
11,243 (2)
11,244 (3)
11,245 (2)
11,246 (6)
11,248 (2)
11,249 (5)
11,250 (3)
11,251 (2)
11,252 (5)
11,253 (3)
11,254 (3)
11,255 (3)
11,256 (4)
11,257 (2)
11,258 (2)
11,259 (1)
11,260 (3)
11,261 (2)
11,262 (4)
11,263 (6)
11,264 (3)
11,265 (5)
11,286 (1)
11,331 (2)
11,747 (1)
12,0 (51)
12,1 (59)
12,2 (66)
12,3 (52)
12,4 (59)
12,5 (61)
12,6 (64)
12,7 (49)
12,8 (60)
12,9 (55)
12,10 (3)
12,11 (3)
12,12 (6)
12,13 (2)
12,14 (4)
12,15 (3)
12,16 (4)
12,17 (4)
12,18 (2)
12,19 (3)
12,20 (4)
12,22 (2)
12,23 (4)
12,24 (5)
12,25 (2)
12,26 (2)
12,27 (5)
12,28 (4)
12,29 (2)
12,30 (3)
12,31 (2)
12,32 (7)
12,33 (9)
12,34 (1)
12,35 (1)
12,36 (3)
12,37 (2)
12,38 (2)
12,39 (1)
12,40 (3)
12,41 (3)
12,42 (1)
12,43 (4)
12,44 (1)
12,45 (2)
12,46 (2)
12,47 (7)
12,48 (2)
12,49 (1)
12,50 (1)
12,51 (2)
12,52 (3)
12,53 (2)
12,54 (3)
12,55 (1)
12,56 (2)
12,57 (5)
12,58 (3)
12,59 (5)
12,60 (1)
12,61 (1)
12,63 (5)
12,64 (3)
12,65 (3)
12,66 (2)
12,67 (4)
12,68 (4)
12,69 (3)
12,70 (4)
12,71 (5)
12,72 (5)
12,73 (3)
12,74 (4)
12,75 (4)
12,76 (7)
12,77 (3)
12,78 (5)
12,79 (4)
12,80 (4)
12,81 (1)
12,83 (4)
12,84 (1)
12,85 (4)
12,86 (1)
12,87 (2)
12,88 (5)
12,89 (4)
12,90 (3)
12,91 (4)
12,92 (2)
12,93 (3)
12,94 (3)
12,95 (6)
12,96 (5)
12,97 (3)
12,98 (2)
12,99 (4)
12,100 (3)
12,101 (4)
12,102 (2)
12,103 (3)
12,104 (1)
12,105 (6)
12,106 (6)
12,107 (1)
12,108 (2)
12,109 (5)
12,110 (5)
12,111 (5)
12,112 (4)
12,113 (2)
12,114 (2)
12,115 (5)
12,116 (1)
12,117 (5)
12,118 (5)
12,119 (1)
12,120 (7)
12,121 (8)
12,122 (8)
12,124 (5)
12,125 (4)
12,126 (4)
12,226 (1)
12,917 (1)
12,1321 (1)
13,3 (1)
13,9 (1)
40,3 (1)
51,5 (1)
70,5 (1)
70,7 (1)
87,1 (1)
87,8 (1)
125,0 (1)
