vol	page	adhy	fromv	tov
I	29	1	1	5
I	30	1	6	14
I	31	1	15	23
I	32	1	24	32
I	33	1	33	41
I	34	1	42	50
I	35	1	51	59
I	36	1	60	68
I	37	1	69	77
I	38	1	78	86
I	39	1	87	95
I	40	1	96	104
I	41	1	105	113
I	42	1	114	122
I	43	1	123	131
I	44	1	132	140
I	45	1	141	149
I	46	1	150	158
I	47	1	159	167
I	48	1	168	176
I	49	1	177	185
I	50	1	186	194
I	51	1	195	203
I	52	1	204	212
I	53	1	213	221
I	54	1	222	230
I	55	1	231	239
I	56	1	240	248
I	57	1	249	257
I	58	1	258	266
I	59	1	267	275
I	60	1	276	284
I	61	1	285	293
I	62	1	294	302
I	63	1	303	311
I	64	1	312	320
I	65	1	321	329
I	66	1	330	338
I	67	1	339	347
I	68	1	348	356
I	69	1	357	365
I	70	1	366	367
I	71	2	1	7
I	72	2	8	16
I	73	2	17	25
I	74	2	26	34
I	75	2	35	43
I	76	2	44	52
I	77	2	53	61
I	78	2	62	70
I	79	2	71	79
I	80	2	80	88
I	81	2	89	97
I	82	2	98	106
I	83	2	107	115
I	84	2	116	124
I	85	2	125	133
I	86	2	134	142
I	87	2	143	151
I	88	2	152	160
I	89	2	161	169
I	90	2	170	178
I	91	2	179	187
I	92	2	188	196
I	93	2	197	205
I	94	2	206	214
I	95	2	215	223
I	96	2	224	232
I	97	2	233	241
I	98	2	242	250
I	99	2	251	259
I	100	2	260	268
I	101	2	269	277
I	102	2	278	286
I	103	2	287	295
I	104	2	296	304
I	105	2	305	307
I	106	3	1	7
I	107	3	8	16
I	108	3	17	25
I	109	3	26	34
I	110	3	35	43
I	111	3	44	52
I	112	3	53	61
I	113	3	62	70
I	114	3	71	79
I	115	3	80	88
I	116	3	89	97
I	117	3	98	106
I	118	3	107	115
I	119	3	116	124
I	120	3	125	133
I	121	3	134	142
I	122	3	143	151
I	123	3	152	160
I	124	3	161	169
I	125	3	170	178
I	126	3	179	187
I	127	3	188	196
I	128	3	197	205
I	129	3	206	214
I	130	3	215	223
I	131	3	224	232
I	132	3	233	241
I	133	3	242	250
I	134	3	251	259
I	135	3	260	268
I	136	3	269	277
I	137	3	278	286
I	138	3	287	295
I	139	3	296	304
I	140	3	305	313
I	141	3	314	322
I	142	3	323	331
I	143	3	332	335
