page	adhy.	from v.	to v.	ipage
19	1	1	8	1
20	1	9	20	2
21	1	21	31	3
22	2	1	11	4
23	2	12	21	5
24	2	22	30	6
24	3	1	1	6
25	3	2	11	7
26	3	12	23	8
27	3	24	25	9
27	4	1	7	9
28	4	8	19	10
29	4	20	30	11
30	4	31	31	12
30	5	1	9	12
31	5	10	21	13
32	5	22	33	14
33	5	34	45	15
34	5	46	46	16
34	6	1	9	16
35	6	10	14	17
35	7	1	4	17
36	7	5	16	18
37	7	17	17	19
37	8	1	9	19
38	8	10	21	20
39	8	22	25	21
39	9	1	5	21
40	9	6	17	22
41	9	18	29	23
42	9	30	36	24
42	10	1	1	24
43	10	2	12	25
44	10	13	24	26
45	10	25	29	27
45	11	1	5	27
46	11	6	17	28
47	11	18	29	29
48	11	30	37	30
48	12	1	2	30
49	12	3	14	31
50	12	15	26	32
51	12	27	38	33
52	12	39	50	34
53	12	51	62	35
54	12	63	74	36
55	12	75	86	37
56	12	87	98	38
57	12	99	100	39
57	13	1	7	39
58	13	8	19	40
59	13	20	31	41
60	13	32	43	42
61	13	44	48	43
61	14	1	5	43
62	14	6	17	44
63	14	18	25	45
63	15	1	2	45
64	15	3	12	46
65	15	13	18	47
65	16	1	4	47
66	16	5	15	48
67	16	16	26	49
68	16	27	35	50
68	17	1	1	50
69	17	2	12	51
70	17	13	24	52
71	17	25	36	53
72	17	37	46	54
73	18	1	11	55
74	18	12	21	56
75	18	22	25	57
75	19	1	5	57
76	19	6	16	58
77	19	17	26	59
78	19	27	29	60
78	20	1	7	60
79	20	8	19	61
80	20	20	31	62
81	20	32	35	63
81	21	1	6	63
82	21	7	16	64
83	21	17	28	65
84	21	29	32	66
84	22	1	5	66
85	22	6	13	67
86	22	14	22	68
87	22	23	29	69
87	23	1	3	69
88	23	4	14	70
89	23	15	25	71
90	23	26	26	72
90	24	1	9	72
91	24	10	21	73
92	24	22	33	74
93	24	34	45	75
94	24	46	47	76
94	25	1	8	76
95	25	9	16	77
95	26	1	1	77
96	26	2	13	78
97	26	14	25	79
98	26	26	35	80
