page	sarga	from v.	to v.	ipage
99	1	1	9	81
100	1	10	10	82
100	2	1	10	82
101	2	11	22	83
102	2	23	24	84
102	3	1	9	84
103	3	10	21	85
104	3	22	25	86
104	4	1	7	86
105	4	8	19	87
106	4	20	23	88
106	5	1	7	88
107	5	8	19	89
108	5	20	27	90
108	6	1	3	90
109	6	4	15	91
110	6	16	24	92
110	7	1	2	92
111	7	3	14	93
112	7	15	21	94
112	8	1	4	94
113	8	5	16	95
114	8	17	24	96
114	9	1	3	96
115	9	4	15	97
116	9	16	22	98
116	10	1	4	98
117	10	5	16	99
118	10	17	28	100
119	10	29	33	101
119	11	1	6	101
120	11	7	18	102
121	11	19	22	103
121	12	1	7	103
122	12	8	19	104
123	12	20	28	105
123	13	1	2	105
124	13	3	14	106
125	13	15	26	107
126	13	27	28	108
126	14	1	9	108
127	14	10	20	109
128	15	1	12	110
129	15	13	24	111
130	15	25	26	112
