page	i.page	pari.	from k.	to k.
112	1	1	1	2
113	1	2	2	3
114	1	2	2	4
115	1	2	2	5
116	1	2	2	6
117	1	2	2	7
118	1	2	2	8
119	1	2	2	9
120	1	2	2	10
121	1	2	2	11
122	1	2	2	12
123	1	2	2	13
124	1	2	2	14
125	1	2	2	15
126	1	2	2	16
127	1	2	2	17
128	1	2	2	18
129	1	2	2	19
130	1	2	2	20
131	1	3a	3a	21
132	1	3a	3a	22
133	1	3a	3a	23
134	1	3b	3b	24
135	1	3b	3b	25
136	2	1	1a	26
137	2	1a	1a	27
138	2	1b	1b	28
139	2	1c	2a	29
140	2	2a	2a	30
141	2	2b	4a	31
142	2	4a	4a	32
143	2	4b	4b	33
144	2	4b	4b	34
145	2	4b	4b	35
146	2	4b	4b	36
147	2	5	5	37
148	2	5	5	38
149	2	5	5	39
150	2	5	5	40
151	2	6	6	41
152	2	6	6	42
153	2	7	7	43
154	2	8a	8a	44
155	2	8b	9a	45
156	2	9a	9a	46
157	2	9a	9a	47
158	2	9b	10a	48
159	2	10a	10a	49
160	2	10a	10a	50
161	2	10a	10a	51
162	2	10b	10b	52
163	2	11a	11a	53
164	2	11a	11a	54
165	2	11b	11b	55
166	2	12a	12a	56
167	2	12b	13a	57
168	2	13b	14	58
169	2	14	14	59
170	2	14	14	60
171	2	14	14	61
172	2	14	14	62
173	2	15	15	63
174	2	16	17a	64
175	2	17a	17a	65
176	2	17a	17a	66
177	2	17a	17a	67
178	2	17a	17a	68
179	2	17b	19	69
180	2	20	20	70
181	2	20	20	71
182	3	1	1	72
183	3	1	1	73
184	3	1	1	74
185	3	1	1	75
186	3	1	1	76
187	3	2	3	77
188	3	3	3	78
189	3	3	3	79
190	3	3	3	80
191	3	3	3	81
192	3	4	5a	82
193	3	5b	8a	83
194	3	8b	10a	84
195	3	10b	11	85
196	3	12	13	86
197	3	14	14	87
198	3	15	17a	88
199	3	17b	18a	89
200	3	18b	20a	90
201	3	20b	21a	91
202	3	21b	24a	92
203	3	24b	26	93
204	3	27	28	94
205	3	28	28	95
206	3	29a	29a	96
207	3	29b	32	97
208	3	33	35	98
209	3	36	37a	99
210	3	37b	39a	100
211	3	39b	42	101
212	3	43a	43a	102
213	3	43b	45	103
214	3	46	47	104
215	3	48	51	105
216	3	52	54	106
217	3	55	57a	107
218	3	57b	58	108
219	3	58	58	109
220	3	59	59	110
221	3	60	60	111
222	3	60	60	112
223	3	61	62a	113
224	3	62b	63	114
225	3	64	66a	115
226	3	66b	67a	116
227	3	67b	67b	117
228	3	68	69	118
229	3	70	71	119
230	3	72	76	120
231	3	77	80	121
232	3	81	84	122
233	3	85	86	123
234	3	87	87	124
235	3	88a	88a	125
236	3	88b	88b	126
237	3	89	93a	127
238	3	93b	95a	128
239	3	95b	96	129
240	3	97	97	130
241	3	98	99a	131
242	3	99b	100b	132
243	3	100c	101	133
244	3	102	104a	134
245	3	104b	105	135
246	3	106	106	136
247	3	107	109a	137
248	3	109b	110	138
249	3	111	118a	139
250	3	118b	127a	140
251	3	127b	129a	141
252	3	129b	132a	142
253	3	132b	134a	143
254	3	134b	138a	144
255	3	138b	140a	145
256	3	140b	142	146
257	3	143	145	147
258	3	146	146	148
259	3	147	148	149
260	3	149	150	150
261	3	151	152a	151
262	3	152b	154	152
263	3	155	155	153
264	3	156	157	154
265	3	158	159	155
266	3	160	160	156
267	3	161	162	157
268	3	163	164	158
269	3	165	165	159
270	3	166	167a	160
271	3	167b	169a	161
272	3	169b	171a	162
273	3	171b	172a	163
274	3	172b	174	164
275	3	175	178	165
276	3	179	180	166
277	3	181a	181a	167
278	3	181b	182	168
279	3	183	186	169
280	3	187	188a	170
281	3	188b	193a	171
282	3	193a	193a	172
283	3	193b	194	173
284	3	195	198a	174
285	3	198b	199a	175
286	3	199b	200	176
287	3	201	204a	177
288	3	204b	208	178
289	3	208	208	179
290	3	209	209	180
291	3	210	213a	181
292	3	213b	213b	182
293	3	214	218a	183
294	3	218b	223	184
295	3	224	226	185
296	3	227	231a	186
297	3	231b	234	187
298	3	234	234	188
299	3	235	235	189
300	3	236	242a	190
301	3	242b	245a	191
302	3	245b	249a	192
303	3	249b	250	193
304	3	251	251	194
305	3	252	254	195
306	3	255	260a	196
307	3	260b	261a	197
308	3	261a	261a	198
309	3	261b	263	199
310	3	264	266a	200
311	3	266a	266a	201
312	3	266b	267	202
313	3	267	267	203
314	3	267	267	204
315	3	267	267	205
316	4	1	1	206
317	4	2	2	207
318	4	3	3	208
319	4	3	3	209
320	4	4	4	210
321	4	5	6	211
322	4	7a	7a	212
323	4	7a	7a	213
324	4	7b	8a	214
325	4	8b	9a	215
326	4	9a	9a	216
327	4	9a	9a	217
328	4	9a	9a	218
329	4	9a	9a	219
330	4	9b	9b	220
331	4	9c	10a	221
332	4	10a	10a	222
333	4	10a	10a	223
334	4	10a	10a	224
335	4	10a	10a	225
336	4	10a	10a	226
337	4	10a	10a	227
338	4	10a	10a	228
339	4	10b	10b	229
340	4	10b	10b	230
341	4	11a	11a	231
342	4	11a	11a	232
343	4	11b	11b	233
344	4	11b	11b	234
345	4	12	12	235
346	4	12	12	236
347	4	12	12	237
348	4	13	14	238
349	4	14	14	239
350	4	14	14	240
351	4	14	14	241
352	4	14	14	242
353	4	14	14	243
354	4	14	14	244
355	4	14	14	245
356	4	14	14	246
357	4	14	14	247
358	4	14	14	248
359	4	14	14	249
360	4	14	14	250
361	5	1	1	251
362	5	1	1	252
363	5	1	1	253
364	5	1	1	254
365	5	1	1	255
366	5	1	1	256
367	5	2	2	257
368	5	2	2	258
369	5	2	2	259
370	5	3	3	260
371	5	3	3	261
372	5	4	4	262
373	5	4	4	263
374	5	4	4	264
375	5	4	4	265
376	5	4	4	266
377	5	4	4	267
378	5	4	4	268
379	5	4	4	269
380	5	4	4	270
381	5	4	4	271
382	6	1	2	272
383	6	3	9	273
384	6	10	11	274
385	6	12	17	275
386	6	18	22a	276
387	6	22b	23	277
388	6	24	25	278
389	6	25	25	279
390	6	26	26	280
391	6	27	27	281
392	6	28	28	282
393	6	29	31a	283
394	6	31b	34	284
395	6	35	35	285
396	6	36	36	286
397	6	37	39	287
398	6	40	46	288
399	6	47	47	289
400	6	48	49	290
401	6	50	50	291
402	6	51	54	292
403	6	55	58a	293
404	6	58b	60	294
405	6	61	65	295
406	6	66	67a	296
407	6	67b	69	297
408	6	70	73a	298
409	6	73b	78a	299
410	6	78b	80a	300
411	6	80b	83a	301
412	6	83b	84a	302
413	6	84b	84b	303
414	6	85	86a	304
415	6	86b	89	305
416	6	90	91a	306
417	6	91b	92a	307
418	6	92b	93	308
419	6	94a	94a	309
420	6	94b	97a	310
421	6	97b	98a	311
422	6	98b	99a	312
423	6	99b	102a	313
424	6	102b	103	314
425	6	103b	104	315
426	6	105	105	316
427	6	106	106	317
428	6	107	110a	318
429	6	110b	111a	319
430	6	111b	113a	320
431	6	113b	115a	321
432	6	115b	120	322
433	6	121	126a	323
434	6	126b	127a	324
435	6	127b	128	325
436	6	129	131	326
437	6	132	135a	327
438	6	135b	136a	328
439	6	136b	140	329
440	6	141	144a	330
441	6	144b	151	331
442	6	152	157	332
443	6	158	164	333
444	6	165	173a	334
445	6	173b	177a	335
446	6	177b	179	336
447	6	180	181	337
448	6	182	183	338
449	6	184	185a	339
450	6	185b	187	340
451	6	188	189	341
452	6	190	191	342
453	6	192	194a	343
454	6	194b	199a	344
455	6	199b	201	345
456	6	202	204a	346
457	6	204b	206a	347
458	6	206b	207	348
459	6	208	210a	349
460	6	210b	211	350
461	6	212a	212a	351
462	6	212b	216a	352
463	6	216b	222	353
464	6	223	227a	354
465	6	227b	233	355
466	6	234	240	356
467	6	241	246a	357
468	6	246b	252	358
469	6	253	257	359
470	6	258	260a	360
471	6	260b	261a	361
472	6	261b	263a	362
473	6	263b	266a	363
474	6	266b	272	364
475	6	273	279	365
476	6	280	285a	366
477	6	285b	292a	367
478	6	292b	299	368
479	6	300	305	369
480	6	306	313a	370
481	6	313b	315a	371
482	6	315b	320	372
483	6	321	324	373
484	6	325a	325a	374
485	6	325b	330a	375
486	6	330b	334	376
487	6	335	337	377
488	6	337	337	378
489	7	1a	1a	379
490	7	1b	4	380
491	7	4	4	381
492	7	4	4	382
493	7	4	4	383
494	7	4	4	384
495	7	4	4	385
496	7	4	4	386
497	7	4	4	387
498	7	4	4	388
499	7	4	4	389
500	7	4	4	390
501	7	4	4	391
502	7	4	4	392
503	7	4	4	393
504	7	4	4	394
505	7	4	4	395
506	7	4	4	396
507	7	4	4	397
508	7	5	8	398
509	7	8	8	399
510	7	8	8	400
511	7	8	8	401
512	7	8	8	402
513	7	8	8	403
514	7	8	8	404
515	7	8	8	405
516	7	8	8	406
517	7	8	8	407
518	7	8	8	408
519	7	8	8	409
520	7	8	8	410
521	7	8	8	411
522	7	9	12a	412
523	7	12a	12a	413
524	7	12a	12a	414
525	7	12a	12a	415
526	7	12a	12a	416
527	7	12a	12a	417
528	7	12a	12a	418
529	7	12a	12a	419
530	7	12b	14	420
531	7	15a	15b	421
532	7	15b	15b	422
533	7	15b	15b	423
534	7	15c	15c	424
535	7	15c	15c	425
536	7	15c	15c	426
537	7	15c	15c	427
538	7	15c	15c	428
539	7	15c	15c	429
540	7	16	16	430
541	7	17a	17a	431
542	7	17b	18a	432
543	7	18b	20a	433
544	7	20b	20b	434
545	7	21a	21a	435
546	7	21b	22	436
547	7	23	23	437
548	7	24	26a	438
549	7	26b	27a	439
550	7	27b	28a	440
551	7	28b	29	441
552	7	30a	30a	442
553	7	30b	31a	443
554	7	31a	31a	444
555	7	31a	31a	445
556	7	31a	31a	446
557	7	31b	31b	447
558	7	32	32	448
559	8	1a	1a	449
560	8	1b	2a	450
561	8	2a	2a	451
562	8	2b	2b	452
563	8	3	4a	453
564	8	4b	6	454
565	8	7	8a	455
566	8	8b	9a	456
567	8	9b	10a	457
568	8	10a	10a	458
569	8	10b	11a	459
570	8	11b	13	460
571	8	13	13	461
572	8	14	14	462
573	8	15	16a	463
574	8	16b	16b	464
575	8	16c	16c	465
576	9	1	2	466
577	9	3	4a	467
578	9	4b	5a	468
579	9	5b	5b	469
580	9	5b	5b	470
581	10	1	1	471
582	10	1	1	472
583	10	2	2	473
584	10	3a	3a	474
585	10	3b	4	475
586	10	5	5	476
587	10	6	7a	477
588	10	7a	7a	478
589	10	7b	8	479
590	10	8	8	480
591	10	8	8	481
592	10	8	8	482
593	10	9	9	483
594	10	10	11a	484
595	10	11b	12a	485
596	10	12a	12a	486
597	10	12a	12a	487
598	10	12a	12a	488
599	10	12b	12b	489
600	10	12b	12b	490
601	10	12b	12b	491
602	10	12b	12b	492
603	10	12b	12b	493
604	10	12b	12b	494
605	10	12b	12b	495
606	10	12b	12b	496
607	10	13a	13a	497
608	10	13a	13a	498
609	10	13b	14a	499
610	10	14a	14a	500
611	10	14b	14b	501
612	10	14b	14b	502
613	10	14b	14b	503
614	10	15	16	504
615	10	16	16	505
616	10	17a	17a	506
617	10	17a	17a	507
618	10	17b	18a	508
619	10	18b	19	509
620	10	19	19	510
621	10	19	19	511
622	10	20a	20a	512
623	10	20b	21	513
624	10	22a	22a	514
625	10	22b	23a	515
626	10	23b	24a	516
627	10	24b	25	517
628	10	26a	26a	518
629	10	26b	26b	519
630	10	27a	27a	520
631	10	27b	28a	521
632	10	28b	30a	522
633	10	30b	31	523
634	10	32	33a	524
635	10	33b	33b	525
636	10	33b	33b	526
637	10	34	34	527
638	10	35a	35a	528
639	10	35a	35a	529
640	10	35b	36a	530
641	10	36a	36a	531
642	10	36b	36b	532
643	10	37	37	533
644	10	37	37	534
645	10	37	37	535
646	10	38a	38a	536
647	10	38b	39	537
648	10	39	39	538
649	10	40	43a	539
650	10	43a	43a	540
651	10	43b	43b	541
652	10	44	44	542
653	10	45a	45a	543
654	10	45b	45b	544
655	10	45b	45b	545
656	10	45b	45b	546
657	10	46a	46a	547
658	10	46b	47a	548
659	10	47a	47a	549
660	10	47a	47a	550
661	10	47b	48a	551
662	10	48b	49a	552
663	10	49a	49a	553
664	10	49b	50a	554
665	10	50b	51a	555
666	10	51b	51b	556
667	10	51b	51b	557
668	10	52	54a	558
669	10	54a	54a	559
670	10	54b	55a	560
671	10	55a	55a	561
672	10	55b	55b	562
673	10	56	56	563
674	10	56	56	564
675	10	56	56	565
676	10	56	56	566
677	10	56	56	567
678	10	56	56	568
679	10	57a	57a	569
680	10	57b	57b	570
681	10	58a	58a	571
682	10	58a	58a	572
683	10	58b	59a	573
684	10	59a	59a	574
685	10	59a	59a	575
686	10	59a	59a	576
687	10	59b	60a	577
688	10	60b	60b	578
689	10	61	62a	579
690	10	62a	62a	580
691	10	62a	62a	581
692	10	62a	62a	582
693	10	62b	62b	583
694	10	62b	62b	584
695	10	63a	63a	585
696	10	63b	64a	586
697	10	64b	65a	587
698	10	65b	65b	588
699	10	66	67a	589
700	10	67b	68	590
701	10	68	68	591
702	10	69a	69a	592
703	10	69b	70	593
704	10	70	70	594
705	10	71	72a	595
706	10	72b	73a	596
707	10	73b	75	597
708	10	76	77a	598
709	10	77b	78	599
710	10	79a	79a	600
711	10	79b	80a	601
712	10	80b	82a	602
713	10	82a	82a	603
714	10	82b	82b	604
715	10	83	83	605
716	10	83	83	606
717	10	84	85a	607
718	10	85a	85a	608
719	10	85b	87	609
720	10	88	88	610
721	10	89	89	611
722	10	90	90	612
723	10	91	91	613
724	10	92a	92a	614
725	10	92b	92b	615
726	10	93	93	616
727	10	93	93	617
728	10	94	96a	618
729	10	96b	96b	619
730	10	96b	96b	620
731	10	96b	96b	621
732	10	97	98a	622
733	10	98b	98b	623
734	10	98b	98b	624
735	10	98b	98b	625
736	10	98b	98b	626
737	10	98b	98b	627
738	10	98b	98b	628
739	10	98b	98b	629
740	10	98b	98b	630
741	10	98b	98b	631
742	10	99	100	632
