page	i.page	pari.	from k.	to k.	remarks
5	x	x	x	x	Title (English)
7	x	x	x	x	Title (Devanagari)
9	x	x	x	x	Preface
89	x	x	x	x	Important topics to note
91	x	x	x	x	index of works cited
93	x	x	x	x	Pictures cited in Preface pp. 76-77
99	x	x	x	x	contents
111	1	x	x	x	Main text starts
112	2	1	1	1
113	3	1	2	2
114	4	1
115	5	1
116	6	1
117	7	1
118	8	1
119	9	1
120	10	1
121	11	1
122	12	1
123	13	1
124	14	1
125	15	1
126	16	1
127	17	1
128	18	1
129	19	1
130	20	1
131	21	1	3a	3a
132	22	1
133	23	1
134	24	1	3b	3b
135	25	1
136	26	2	1a	1a
137	27	2
138	28	2	1b	1b
139	29	2	1c	2a
140	30	2
141	31	2	2b	4a
142	32	2
143	33	2	4b	4b
144	34	2
145	35	2
146	36	2
147	37	2	5	5
148	38	2																		11
149	39	2
150	40	2
151	41	2	6	6
152	42	2
153	43	2	7	7
154	44	2	8a	8a
155	45	2	8b	9a
156	46	2
157	47	2
158	48	2	9b	10a
159	49	2
160	50	2
161	51	2
162	52	2	10b	10b
163	53	2	11a	11a
164	54	2
165	55	2	11b	11b
166	56	2	12a	12a
167	57	2	12b	13a
168	58	2	13b	14
169	59	2
170	60	2
171	61	2
172	62	2
173	63	2	15	15
174	64	2	16	17a
175	65	2
176	66	2
177	67	2
178	68	2
179	69	2	17b	19
180	70	2	20	20
181	71	2
182	72	3	1	1
183	73	3
184	74	3
185	75	3
186	76	3
187	77	3	2	3
188	78	3
189	79	3
190	80	3
191	81	3
192	82	3	4	5a
193	83	3	5b	8a
194	84	3	8b	10a
195	85	3	10b	11
196	86	3	12	13
197	87	3	14	14
198	88	3	15	17a
199	89	3	17b	18a
200	90	3	18b	20a
201	91	3	20b	21a
202	92	3	21b	24a
203	93	3	24b	26
204	94	3	27	28
205	95	3
206	96	3	29a	29a
207	97	3	29b	32
208	98	3	33	35
209	99	3	36	37a
210	100	3	37b	39a
211	101	3	39b	42
212	102	3	43a	43a
213	103	3	43b	45
214	104	3	46	47
215	105	3	48	51
216	106	3	52	54
217	107	3	55	57a
218	108	3	57b	58
219	109	3
220	110	3	59	59
221	111	3	60	60
222	112	3
223	113	3	61	62a
224	114	3	62b	63
225	115	3	64	66a
226	116	3	66b	67a
227	117	3	67b	67b
228	118	3	68	69
229	119	3	70	71
230	120	3	72	76
231	121	3	77	80
232	122	3	81	84
233	123	3	85	86
234	124	3	87	87
235	125	3	88a	88a
236	126	3	88b	88b
237	127	3	89	93a
238	128	3	93b	95a
239	129	3	95b	96
240	130	3	97	97
241	131	3	98	99a
242	132	3	99b	100b
243	133	3	100c	101
244	134	3	102	104a
245	135	3	104b	105
246	136	3	106	106
247	137	3	107	109a
248	138	3	109b	110
249	139	3	111	118a
250	140	3	118b	127a
251	141	3	127b	129a
252	142	3	129b	132a
253	143	3	132b	134a
254	144	3	134b	138a
255	145	3	138b	140a
256	146	3	140b	142
257	147	3	143	145
258	148	3	146	146
259	149	3	147	148
260	150	3	149	150
261	151	3	151	152a
262	152	3	152b	154
263	153	3	155	155
264	154	3	156	157
265	155	3	158	159
266	156	3	160	160
267	157	3	161	162
268	158	3	163	164
269	159	3	165	165
270	160	3	166	167a
271	161	3	167b	169a
272	162	3	169b	171a
273	163	3	171b	172a
274	164	3	172b	174
275	165	3	175	178
276	166	3	179	180
277	167	3	181a	181a
278	168	3	181b	182
279	169	3	183	186
280	170	3	187	188a
281	171	3	188b	193a
282	172	3
283	173	3	193b	194
284	174	3	195	198a
285	175	3	198b	199a
286	176	3	199b	200
287	177	3	201	204a
288	178	3	204b	208
289	179	3
290	180	3	209	209
291	181	3	210	213a
292	182	3	213b	213b
293	183	3	214	218a
294	184	3	218b	223
295	185	3	224	226
296	186	3	227	231a
297	187	3	231b	234
298	188	3
299	189	3	235	235
300	190	3	236	242a
301	191	3	242b	245a
302	192	3	245b	249a
303	193	3	249b	250
304	194	3	251	251
305	195	3	252	254
306	196	3	255	260a
307	197	3	260b	261a
308	198	3
309	199	3	261b	263
310	200	3	264	266a
311	201	3
312	202	3	266b	267
313	203	3
314	204	3
315	205	3
316	206	4	1	1
317	207	4	2	2
318	208	4	3	3
319	209	4
320	210	4	4	4
321	211	4	5	6
322	212	4	7a	7a
323	213	4
324	214	4	7b	8a
325	215	4	8b	9a
326	216	4
327	217	4
328	218	4
329	219	4
330	220	4	9b	9b
331	221	4	9c	10a
332	222	4
333	223	4
334	224	4
335	225	4
336	226	4
337	227	4
338	228	4
339	229	4	10b	10b
340	230	4
341	231	4	11a	11a
342	232	4
343	233	4	11b	11b
344	234	4
345	235	4	12	12
346	236	4
347	237	4
348	238	4	13	14
349	239	4
350	240	4
351	241	4
352	242	4
353	243	4
354	244	4
355	245	4
356	246	4
357	247	4
358	248	4
359	249	4
360	250	4
361	251	5	1	1
362	252	5
363	253	5
364	254	5
365	255	5
366	256	5
367	257	5	2	2
368	258	5
369	259	5
370	260	5	3	3
371	261	5
372	262	5	4	4
373	263	5
374	264	5
375	265	5
376	266	5
377	267	5
378	268	5
379	269	5
380	270	5
381	271	5
382	272	6	1	2
383	273	6	3	9
384	274	6	10	11
385	275	6	12	17
386	276	6	18	22a
387	277	6	22b	23
388	278	6	24	25
389	279	6
390	280	6	26	26
391	281	6	27	27
392	282	6	28	28
393	283	6	29	31a
394	284	6	31b	34
395	285	6	35	35
396	286	6	36	36
397	287	6	37	39
398	288	6	40	46
399	289	6	47	47
400	290	6	48	49
401	291	6	50	50
402	292	6	51	54
403	293	6	55	58a
404	294	6	58b	60
405	295	6	61	65
406	296	6	66	67a
407	297	6	67b	69
408	298	6	70	73a
409	299	6	73b	78a
410	300	6	78b	80a
411	301	6	80b	83a
412	302	6	83b	84a
413	303	6	84b	84b
414	304	6	85	86a
415	305	6	86b	89
416	306	6	90	91a
417	307	6	91b	92a
418	308	6	92b	93
419	309	6	94a	94a
420	310	6	94b	97a
421	311	6	97b	98a
422	312	6	98b	99a
423	313	6	99b	102a
424	314	6	102b	103
425	315	6	103b	104
426	316	6	105	105
427	317	6	106	106
428	318	6	107	110a
429	319	6	110b	111a
430	320	6	111b	113a
431	321	6	113b	115a
432	322	6	115b	120
433	323	6	121	126a
434	324	6	126b	127a
435	325	6	127b	128
436	326	6	129	131
437	327	6	132	135a
438	328	6	135b	136a
439	329	6	136b	140
440	330	6	141	144a
441	331	6	144b	151
442	332	6	152	157
443	333	6	158	164
444	334	6	165	173a
445	335	6	173b	177a
446	336	6	177b	179
447	337	6	180	181
448	338	6	182	183
449	339	6	184	185a
450	340	6	185b	187
451	341	6	188	189
452	342	6	190	191
453	343	6	192	194a
454	344	6	194b	199a
455	345	6	199b	201
456	346	6	202	204a
457	347	6	204b	206a
458	348	6	206b	207
459	349	6	208	210a
460	350	6	210b	211
461	351	6	212a	212a
462	352	6	212b	216a
463	353	6	216b	222
464	354	6	223	227a
465	355	6	227b	233
466	356	6	234	240
467	357	6	241	246a
468	358	6	246b	252
469	359	6	253	257
470	360	6	258	260a
471	361	6	260b	261a
472	362	6	261b	263a
473	363	6	263b	266a
474	364	6	266b	272
475	365	6	273	279
476	366	6	280	285a
477	367	6	285b	292a
478	368	6	292b	299
479	369	6	300	305
480	370	6	306	313a
481	371	6	313b	315a
482	372	6	315b	320
483	373	6	321	324
484	374	6	325a	325a
485	375	6	325b	330a
486	376	6	330b	334
487	377	6	335	337
488	378	6
489	379	7	1a	1a
490	380	7	1b	4
491	381	7
492	382	7
493	383	7
494	384	7
495	385	7
496	386	7
497	387	7
498	388	7
499	389	7
500	390	7
501	391	7
502	392	7
503	393	7
504	394	7
505	395	7
506	396	7
507	397	7
508	398	7	5	8
509	399	7
510	400	7
511	401	7
512	402	7
513	403	7
514	404	7
515	405	7
516	406	7
517	407	7
518	408	7
519	409	7
520	410	7
521	411	7
522	412	7	9	12a
523	413	7
524	414	7
525	415	7
526	416	7
527	417	7
528	418	7
529	419	7
530	420	7	12b	14
531	421	7	15a	15b
532	422	7
533	423	7
534	424	7	15c	15c
535	425	7
536	426	7
537	427	7
538	428	7
539	429	7
540	430	7	16	16
541	431	7	17a	17a
542	432	7	17b	18a
543	433	7	18b	20a
544	434	7	20b	20b
545	435	7	21a	21a
546	436	7	21b	22
547	437	7	23	23
548	438	7	24	26a
549	439	7	26b	27a
550	440	7	27b	28a
551	441	7	28b	29
552	442	7	30a	30a
553	443	7	30b	31a
554	444	7
555	445	7
556	446	7
557	447	7	31b	31b
558	448	7	32	32
559	449	8	1a	1a
560	450	8	1b	2a
561	451	8
562	452	8	2b	2b
563	453	8	3	4a
564	454	8	4b	6
565	455	8	7	8a
566	456	8	8b	9a
567	457	8	9b	10a
568	458	8
569	459	8	10b	11a
570	460	8	11b	13
571	461	8
572	462	8	14	14
573	463	8	15	16a
574	464	8	16b	16b
575	465	8	16c	16c
576	466	9	1	2
577	467	9	3	4a
578	468	9	4b	5a
579	469	9	5b	5b
580	470	9
581	471	10	1	1
582	472	10
583	473	10	2	2
584	474	10	3a	3a
585	475	10	3b	4
586	476	10	5	5
587	477	10	6	7a
588	478	10
589	479	10	7b	8
590	480	10
591	481	10
592	482	10
593	483	10	9	9
594	484	10	10	11a
595	485	10	11b	12a
596	486	10
597	487	10
598	488	10
599	489	10	12b	12b
600	490	10
601	491	10
602	492	10
603	493	10
604	494	10
605	495	10
606	496	10
607	497	10	13a	13a
608	498	10
609	499	10	13b	14a
610	500	10
611	501	10	14b	14b
612	502	10
613	503	10
614	504	10	15	16
615	505	10
616	506	10	17a	17a
617	507	10
618	508	10	17b	18a
619	509	10	18b	19
620	510	10
621	511	10
622	512	10	20a	20a
623	513	10	20b	21
624	514	10	22a	22a
625	515	10	22b	23a
626	516	10	23b	24a
627	517	10	24b	25
628	518	10	26a	26a
629	519	10	26b	26b
630	520	10	27a	27a
631	521	10	27b	28a
632	522	10	28b	30a
633	523	10	30b	31
634	524	10	32	33a
635	525	10	33b	33b
636	526	10
637	527	10	34	34
638	528	10	35a	35a
639	529	10
640	530	10	35b	36a
641	531	10
642	532	10	36b	36b
643	533	10	37	37
644	534	10
645	535	10
646	536	10	38a	38a
647	537	10	38b	39
648	538	10
649	539	10	40	43a
650	540	10
651	541	10	43b	43b
652	542	10	44	44
653	543	10	45a	45a
654	544	10	45b	45b
655	545	10
656	546	10
657	547	10	46a	46a
658	548	10	46b	47a
659	549	10
660	550	10
661	551	10	47b	48a
662	552	10	48b	49a
663	553	10
664	554	10	49b	50a
665	555	10	50b	51a
666	556	10	51b	51b
667	557	10
668	558	10	52	54a
669	559	10
670	560	10	54b	55a
671	561	10
672	562	10	55b	55b
673	563	10	56	56
674	564	10
675	565	10
676	566	10
677	567	10
678	568	10
679	569	10	57a	57a
680	570	10	57b	57b
681	571	10	58a	58a
682	572	10
683	573	10	58b	59a
684	574	10
685	575	10
686	576	10
687	577	10	59b	60a
688	578	10	60b	60b
689	579	10	61	62a
690	580	10
691	581	10
692	582	10
693	583	10	62b	62b
694	584	10
695	585	10	63a	63a
696	586	10	63b	64a
697	587	10	64b	65a
698	588	10	65b	65b
699	589	10	66	67a
700	590	10	67b	68
701	591	10
702	592	10	69a	69a
703	593	10	69b	70
704	594	10
705	595	10	71	72a
706	596	10	72b	73a
707	597	10	73b	75
708	598	10	76	77a
709	599	10	77b	78
710	600	10	79a	79a
711	601	10	79b	80a
712	602	10	80b	82a
713	603	10
714	604	10	82b	82b
715	605	10	83	83
716	606	10
717	607	10	84	85a
718	608	10
719	609	10	85b	87
720	610	10	88	88
721	611	10	89	89
722	612	10	90	90
723	613	10	91	91
724	614	10	92a	92a
725	615	10	92b	92b
726	616	10	93	93
727	617	10
728	618	10	94	96a
729	619	10	96b	96b
730	620	10
731	621	10
732	622	10	97	98a
733	623	10	98b	98b
734	624	10
735	625	10
736	626	10
737	627	10
738	628	10
739	629	10
740	630	10
741	631	10
742	632	10	99	100	Main text ends
743	x	x	x	x	verse index (alphabetical)
757	x	x	x	x	Excerpts from Agnipurana
779	x	x	x	x	Book ends
