page	i.page	pari.	from k.	to k.	remarks
1	x	x	x	x
2	x	x	x	x	Title (English)
3	x	x	x	x
4	x	x	x	x	Title (Devanagari)
5	x	x	x	x
6	x	x	x	x	Preface
7	x	x	x	x
8	x	x	x	x
9	x	x	x	x
10	x	x	x	x
11	x	x	x	x
12	x	x	x	x
13	x	x	x	x
14	x	x	x	x
15	x	x	x	x
16	x	x	x	x
17	x	x	x	x
18	x	x	x	x
19	x	x	x	x
20	x	x	x	x
21	x	x	x	x
22	x	x	x	x
23	x	x	x	x
24	x	x	x	x
25	x	x	x	x
26	x	x	x	x
27	x	x	x	x
28	x	x	x	x
29	x	x	x	x
30	x	x	x	x	Important topics to note
31	x	x	x	x
32	x	x	x	x
33	x	x	x	x
34	x	x	x	x	index of works cited
35	x	x	x	x
36	x	x	x	x	contents
37	x	x	x	x
38	x	x	x	x
39	x	x	x	x
40	x	x	x	x
41	x	x	x	x
42	x	x	x	x
43	x	x	x	x
44	x	x	x	x
45	x	x	x	x
46	x	x	x	x
47	x	x	x	x
48	1	x	x	x	Main text starts
49	2	1	1	1
50	3	1	2	2
51	4	1
52	5	1
53	6	1
54	7	1
55	8	1
56	9	1
57	10	1
58	11	1
59	12	1
60	13	1
61	14	1
62	15	1
63	16	1
64	17	1
65	18	1
66	19	1	3a	3a
67	20	1
68	21	1
69	22	1	3b	3d
70	23	1
71	24	2	1a	1a
72	25	2
73	26	2	1b	1d
74	27	2	2a	2a
75	28	2	2b	4a
76	29	2
77	30	2
78	31	2	4b	4b
79	32	2
80	33	2
81	34	2	5	5
82	35	2
83	36	2
84	37	2	6	6
85	38	2																					11
86	39	2
87	40	2	7	7
88	41	2	8a	8a
89	42	2	8b	9a
90	43	2
91	44	2	9b	10a
92	45	2
93	46	2
94	47	2
95	48	2	10b	10b
96	49	2	11a	11a
97	50	2
98	51	2	11b	12a
99	52	2	12b	13a
100	53	2	13b	14
101	54	2
102	55	2
103	56	2
104	57	2
105	58	2	15	15
106	59	2	16	17a
107	60	2
108	61	2
109	62	2
110	63	2
111	64	2	17b	19
112	65	2	20	20
113	66	2
114	67	3	1	1
115	68	3
116	69	3
117	70	3
118	71	3
119	72	3	2	4a
120	73	3
121	74	3
122	75	3
123	76	3
124	77	3	4b	5
125	78	3	6	8
126	79	3	9	10
127	80	3	11	12a
128	81	3	12b	14a
129	82	3	14b	15a
130	83	3	15b	17
131	84	3	18	18
132	85	3	19	20
133	86	3	21a	21b
134	87	3	21c	24a
135	88	3	24b	26
136	89	3	27	28
137	90	3
138	91	3	29a	29b
139	92	3	29c	33
140	93	3	34	35
141	94	3	36	37
142	95	3	38	39
143	96	3	40	43a
144	97	3	43b	44
145	98	3	45	47a
146	99	3	47b	49
147	100	3	50	52
148	101	3	53	56a
149	102	3	56b	58
150	103	3
151	104	3	59	59
152	105	3	60	60
153	106	3
154	107	3	61	62a
155	108	3	62b	63a
156	109	3	63b	64
157	110	3	65	66
158	111	3	67	68
159	112	3	69	69
160	113	3	70	72a
161	114	3	72b	76
162	115	3	77	80
163	116	3	81	84
164	117	3	85	86
165	118	3	87	87
166	119	3	88a	88a
167	120	3	88b	88b
168	121	3	89	93a
169	122	3	93b	95a
170	123	3	95b	96
171	124	3	97	97
172	125	3	98	100a
173	126	3	100b	100c
174	127	3	101	102a
175	128	3	102b	104
176	129	3	105	106a
177	130	3	106b	107
178	131	3	108	110a
179	132	3	110b	113
180	133	3	114	122a
181	134	3	122b	129a
182	135	3	129b	130
183	136	3	131	132a
184	137	3	132b	135
185	138	3	136	139
186	139	3	140	140
187	140	3	141	143
188	141	3	144	146a
189	142	3	146b	147
190	143	3	148	149
191	144	3	150	151
192	145	3	152	152
193	146	3	153	155a
194	147	3	155b	156
195	148	3	157	158
196	149	3	159	160
197	150	3	161	162
198	151	3	163	164
199	152	3	165	165
200	153	3	166	167
201	154	3	168	169a
202	155	3	169b	171a
203	156	3	171b	172a
204	157	3	172b	175
205	158	3	176	179
206	159	3	180	180
207	160	3	181	182
208	161	3	183	186a	ipage159 repeated
209	162	3	186b	187
210	163	3	188	193a
211	164	3
212	165	3	193b	194
213	166	3	195	198a
214	167	3	198b	199
215	168	3	200	200	blank
216	169	3	201	204a
217	170	3	204b	208
218	171	3
219	172	3	209	209
220	173	3	210	213a
221	174	3	213b	213b
222	175	3	214	218
223	176	3	219	223
224	177	3	224	226
225	178	3	227	231a
226	179	3	231b	234
227	180	3
228	181	3	235	235
229	182	3	236	242a
230	183	3	242b	245a
231	184	3	245b	249a
232	185	3	249b	250
233	186	3	251	251
234	187	3	252	254
235	188	3	255	261a
236	189	3
237	190	3	261b	261b
238	191	3			missing
239	192	3	265	266a
240	193	3
241	194	3	266b	267	print error 22x for 26x
242	195	3
243	196	3
244	197	4	1	1
245	198	4	2	2
246	199	4	3	3
247	200	4
248	201	4	4	5
249	202	4	6	6
250	203	4	7a	7a
251	204	4
252	205	4	7b	9a
253	206	4
254	207	4
255	208	4
256	209	4
257	210	4	9b	9b
258	211	4	9c	9c
259	212	4	10a	10a
260	213	4
261	214	4
262	215	4
263	216	4
264	217	4
265	218	4
266	219	4	10b	10b
267	220	4
268	221	4	11a	11a
269	222	4
270	223	4	11b	11b
271	224	4
272	225	4	12	12
273	226	4
274	227	4	13	13
275	228	4	14	14
276	229	4
277	230	4
278	231	4
279	232	4
280	233	4
281	234	4
282	235	4
283	236	4
284	237	4
285	238	4
286	239	5	1	1
287	240	5
288	241	5
289	242	5
290	243	5
291	244	5	2	2
292	245	5
293	246	5	3	3
294	247	5
295	248	5	4	4
296	249	5
297	250	5
298	251	5
299	252	5
300	253	5
301	254	5
302	255	5
303	256	5	5	5
304	257	6	1	3a
305	258	6	3b	10
306	259	6	11	12a
307	260	6	12b	19
308	261	6	20	23a
309	262	6	23b	24
310	263	6	25	25
311	264	6
312	265	6	26	27
313	266	6
314	267	6	28	30
315	268	6	31	34
316	269	6	35	35
317	270	6	36	36
318	271	6	37	39
319	272	6	40	46
320	273	6	47	47
321	274	6	48	49
322	275	6	50	51
323	276	6	52	56
324	277	6	57	59a
325	278	6	59b	63a
326	279	6	63b	66
327	280	6	67	68a
328	281	6	68b	72a
329	282	6	72b	75a
330	283	6	75b	79a
331	284	6	79b	81a	blank
332	285	6	81b	83
333	286	6	84a	84c
334	287	6	84d	86a
335	288	6	86b	89
336	289	6	90	91a
337	290	6	91b	92a
338	291	6	92b	93a
339	292	6	93b	94a
340	293	6	94b	97a
341	294	6	97b	98a
342	295	6	98b	99a
343	296	6	99b	102a
344	297	6	102b	103
345	298	6	104	104
346	299	6	105	105
347	300	6	106	106
348	301	6	107	110a
349	302	6	110b	111a
350	303	6	111b	113a
351	304	6	113b	115
352	305	6	116	121a
353	306	6	121b	126
354	307	6	127a	127a
355	308	6	127b	128
356	309	6	129	132a
357	310	6	132b	135
358	311	6	136	140
359	312	6	141	144a
360	313	6	144b	151
361	314	6	152	157
362	315	6	158	165
363	316	6	166	174
364	317	6	175	178a
365	318	6	178b	180a
366	319	6	180b	181
367	320	6	182	184a
368	321	6	184b	186a
369	322	6	186b	188
370	323	6	189	190
371	324	6	191	193a
372	325	6	193b	197
373	326	6	198	200
374	327	6	201	203
375	328	6	204	205a
376	329	6	205b	207a
377	330	6	207b	209a
378	331	6	209b	211
379	332	6	212a	212a
380	333	6	212b	216a
381	334	6	216b	222
382	335	6	223	227a
383	336	6	227b	233
384	337	6	234	240
385	338	6	241	246a
386	339	6	246b	252
387	340	6	253	257
388	341	6	258	260a
389	342	6	260b	261a
390	343	6	261b	263
391	344	6	264	266a
392	345	6	266b	272
393	346	6	273	279
394	347	6	280	285a
395	348	6	285b	292a
396	349	6	292b	299
397	350	6	300	305
398	351	6	306	s
399	352	6	313b	315a
400	353	6	316b	320
401	354	6	321	324
402	355	6	325	325
403	356	6	326	330
404	357	6	331	336a
405	358	6	336b	337
406	359	6
407	360	7	1a	1a
408	361	7	1b	4
409	362	7
410	363	7
411	364	7
412	365	7
413	366	7
414	367	7
415	368	7
416	369	7
417	370	7
418	371	7
419	372	7
420	373	7
421	374	7
422	375	7
423	376	7	5	8
424	377	7
425	378	7
426	379	7
427	380	7
428	381	7
429	382	7
430	383	7
431	384	7
432	385	7
433	386	7
434	387	7
435	388	7
436	389	7	9	10
437	390	7	11	12a
438	391	7
439	392	7
440	393	7
441	394	7
442	395	7
443	396	7
444	397	7	12b	15b
445	398	7	15c	15c
446	399	7
447	400	7
448	401	7
449	402	7
450	403	7
451	404	7
452	405	7	16	16
453	406	7	17a	17a
454	407	7
455	408	7	17b	20a
456	409	7	20b	20b
457	410	7	21a	21c
458	411	7	21d	22
459	412	7	23	24
460	413	7	25	27a
461	414	7	27b	27b
462	415	7	28a	28c
463	416	7	28d	29
464	417	7	30	31a
465	418	7
466	419	7
467	420	7
468	421	7
469	422	7	31b	32
470	423	8	1a	1a
471	424	8	1b	2a
472	425	8
473	426	8	2b	3
474	427	8
475	428	8	4a	7a
476	429	8	7b	8
477	430	8	9	10a
478	431	8
479	432	8	10b	11a
480	433	8	11b	12
481	434	8	13	13
482	435	8	14	14
483	436	8	15	16a
484	437	8	16b	16b
485	438	8	16c	16c
486	439	9	1	2
487	440	9	3	4
488	441	9	5a	5a
489	442	9	5b	5b
490	443	9
491	444	10	1	1
492	445	10	2	2
493	446	10	3a	3a
494	447	10	3b	4
495	448	10	5	5
496	449	10	6	7c
497	450	10
498	451	10	7d	8
499	452	10
500	453	10
501	454	10
502	455	10	9	9
503	456	10	10	11a
504	457	10	11b	12a
505	458	10
506	459	10
507	460	10
508	461	10	12b	12b
509	462	10
510	463	10
511	464	10
512	465	10
513	466	10
514	467	10
515	468	10
516	469	10	13a	13a
517	470	10
518	471	10	13b	14a
519	472	10
520	473	10	14b	14b
521	474	10
522	475	10	15a	15c
523	476	10	15d	16
524	477	10
525	478	10	17a	17a
526	479	10
527	480	10	17b	19
528	481	10
529	482	10
530	483	10	20a	20a
531	484	10	20b	21
532	485	10	22a	22c
533	486	10	22d	23a
534	487	10	23b	24a
535	488	10	24b	25a
536	489	10	25b	26a
537	490	10	26b	26b
538	491	10	27	27
539	492	10	28a	28a
540	493	10	28b	30a
541	494	10	30b	31
542	495	10	32	33a
543	496	10	33b	33d
544	497	10
545	498	10	34	35a
546	499	10
547	500	10	35b	36a
548	501	10
549	502	10	36b	37
550	503	10
551	504	10
552	505	10	38	39a
553	506	10	39b	39b	blank
554	507	10	40a	40a
555	508	10	41	43a
556	509	10
557	510	10	43b	44a
558	511	10	44b	45a
559	512	10	45b	45b
560	513	10	46a	46a
561	514	10
562	515	10	46b	47
563	516	10
564	517	10
565	518	10	48	48
566	519	10	49	49
567	520	10	50	50
568	521	10	51	51
569	522	10	52a	52a
570	523	10
571	524	10	52b	54
572	525	10
573	526	10	55	55
574	527	10	56a	56a
575	528	10	56b	57a
576	529	10
577	530	10
578	531	10
579	532	10
580	533	10
581	534	10	57b	57b
582	535	10	58	58
583	536	10	59	60a
584	537	10
585	538	10
586	539	10	60b	60d
587	540	10	61a	61a
588	541	10	61b	62
589	542	10
590	543	10	63a	63a
591	544	10
592	545	10	63b	63b
593	546	10	64	64
594	547	10	65	65
595	548	10	66a	66a
596	549	10	66b	67
597	550	10	68	69a
598	551	10
599	552	10	69b	69b
600	553	10	70	71a
601	554	10	71b	71b
602	555	10	72	73a
603	556	10	73b	74
604	557	10	75	77c
605	558	10	77d	78
606	559	10	79a	79a
607	560	10	79b	80
608	561	10	81a	81a
609	562	10	81b	82a
610	563	10	82b	83a
611	564	10	83b	83b	blank
612	565	10	84a	84a
613	566	10	84b	85
614	567	10
615	568	10	86	88a
616	569	10	88b	89
617	570	10	90	90
618	571	10	91a	91a
619	572	10	91b	92
620	573	10	93a	93a
621	574	10	93b	94a
622	575	10
623	576	10	94b	96
624	577	10	97a	97a
625	578	10
626	579	10	97b	98
627	580	10	99	99
628	581	10
629	582	10
630	583	10	100	101	Main text ends
631	x	x	x	x
632	x	x	x	x	Pictures cited in pp. 21-22
633	x	x	x	x
634	x	x	x	x
635	x	x	x	x
636	x	x	x	x
637	x	x	x	x
638	x	x	x	x	verse index (alphabetical)
639	x	x	x	x
640	x	x	x	x
641	x	x	x	x
642	x	x	x	x
643	x	x	x	x
644	x	x	x	x
645	x	x	x	x
646	x	x	x	x
647	x	x	x	x
648	x	x	x	x
649	x	x	x	x
650	x	x	x	x
651	x	x	x	x
652	x	x	x	x
