page	adhy.	from v.	to v.	ipage
128	1	1	2	1
129	1	2	2	2
130	1	2	2	3
131	1	2	2	4
132	1	2	2	5
133	1	3	3	6
134	1	4	4	7
135	2	5	6	8
136	2	7	11	9
137	2	12	13	10
138	2	14	14	11
139	2	15	16	12
140	2	17	17	13
141	2	18	18	14
142	2	19	19	15
143	2	20	23	16
144	2	24	25	17
145	2	25	25	18
146	2	26	27	19
147	2	28	28	20
148	2	29	31	21
149	3	32	33	22
150	3	34	34	23
151	3	35	36a	24
152	3	36b	38	25
153	3	39	42	26
154	3	43	46	27
155	3	47	50	28
156	3	51	54	29
157	3	55	59	30
158	3	60	61	31
159	3	62	66	32
160	3	67	71	33
161	3	72	74	34
162	3	75	80	35
163	3	81	81	36
164	3	82	89	37
165	3	90	94	38
166	3	95	98	39
167	3	99	99	40
168	3	100	101	41
169	3	101	101	42
170	3	102	103	43
171	3	104	107	44
172	3	108	111	45
173	3	112	115	46
174	3	116	117	47
175	3	118	120	48
176	3	121	123	49
177	3	124	125	50
178	3	126	128	51
179	3	129	132	52
180	3	133	136	53
181	3	137	139	54
182	3	140	142	55
183	3	143	146	56
184	3	147	150	57
185	3	151	153	58
186	3	154	155a	59
187	3	155b	156	60
188	3	157	161	61
189	3	162	165	62
190	3	166	168	63
191	3	169	171	64
192	3	172	174	65
193	3	175	176	66
194	3	177	179	67
195	3	180	183	68
196	3	184	186	69
197	3	187	189	70
198	3	190	192	71
199	3	193	196	72
200	3	197	199	73
201	3	200	202	74
202	3	203	207a	75
203	3	207b	210a	76
204	3	210b	214a	77
205	3	214b	214b	78
206	3	215	215	79
207	3	216	218	80
208	3	219	219	81
209	3	220	222a	82
210	3	222b	223	83
211	3	224	226	84
212	3	227	227	85
213	3	228	229	86
214	3	230	232a	87
215	3	232b	234a	88
216	3	234b	234b	89
217	3	235	236	90
218	3	237	238a	91
219	3	238b	240	92
220	3	241	241	93
221	3	242	244	94
222	3	245	245	95
223	3	246	248a	96
224	3	248b	248b	97
225	3	248b	249	98
226	4	250	251	99
227	4	252	253	100
228	4	254	254	101
229	4	255	257	102
230	4	258	258	103
231	4	258	258	104
232	4	258	258	105
233	4	259	259	106
234	4	260	261	107
235	4	261	261	108
236	4	261	261	109
237	4	262	262	110
238	4	263	263	111
239	4	264	264	112
240	4	265	266	113
241	4	266	266	114
242	4	266	266	115
243	4	266	266	116
244	5	267	267	117
245	5	267	267	118
246	5	268	268	119
247	5	269	269	120
248	5	270	270	121
249	5	270	270	122
250	5	270	270	123
251	6	271	272	124
252	6	273	277a	125
253	6	277b	278a	126
254	6	278b	280	127
255	6	281	282	128
256	6	283	283	129
257	6	284	284	130
258	6	285	288	131
259	6	289	291	132
260	6	292	294	133
261	6	295	300	134
262	6	301	302	135
263	6	303	304	136
264	6	305	308	137
265	6	309	313	138
266	6	314	316	139
267	6	317	321	140
268	6	322	326	141
269	6	327	331	142
270	6	332	335	143
271	6	336	337	144
272	6	338	340	145
273	6	341	343	146
274	6	344	346	147
275	6	347	350	148
276	6	351	354	149
277	6	355	357	150
278	6	358	361	151
279	6	362	363	152
280	6	364	365	153
281	6	366	370	154
282	6	371	373	155
283	6	374	378	156
284	6	379	381	157
285	6	382	384	158
286	6	385	386	159
287	6	387	389	160
288	6	390	393	161
289	6	394	397	162
290	6	398	401	163
291	6	402	406	164
292	6	407	410	165
293	6	411	412	166
294	6	413	414	167
295	6	415	418	168
296	6	419	422	169
297	6	423	426	170
298	6	427	431a	171
299	6	431b	432a	172
300	6	432b	432b	173
301	6	433	435	174
302	6	436	440	175
303	6	441	445	176
304	6	446	449	177
305	6	450	454	178
306	6	455	459	179
307	6	460	463	180
308	6	464	469	181
309	6	470	471	182
310	6	472	478	183
311	6	479	484	184
312	6	485	489	185
313	6	490	494	186
314	6	495	499	187
315	6	500	503	188
316	6	504	506	189
317	6	507	509	190
318	6	510	513	191
319	6	514	515a	192
320	6	515b	517	193
321	6	518	519a	194
322	6	519b	523	195
323	6	524	525	196
324	6	526	528	197
325	6	529	530	198
326	6	531	532	199
327	6	533	539a	200
328	6	539b	542	201
329	6	543	545	202
330	6	546	549	203
331	6	550	551	204
332	6	552	555	205
333	6	556	558	206
334	6	559	559a	207
335	6	559b	562	208
336	6	563	566	209
337	6	567	569	210
338	6	570	571	211
339	7	572	574	212
340	7	574	574	213
341	7	574	574	214
342	7	574	574	215
343	7	574	574	216
344	7	574	574	217
345	7	574	574	218
346	7	575	575	219
347	7	575	575	220
348	7	575	575	221
349	7	575	575	222
350	7	575	575	223
351	7	575	575	224
352	7	575	575	225
353	7	576	576	226
354	7	576	576	227
355	7	576	576	228
356	7	576	576	229
357	7	576	576	230
358	7	577	577	231
359	7	577	577	232
360	7	578	578	233
361	7	578	578	234
362	7	578	578	235
363	7	579	579	236
364	7	580	582	237
365	7	583	585	238
366	7	586	588	239
367	7	589	591	240
368	7	592	594	241
369	7	595	598	242
370	7	599	600	243
371	7	601	601	244
372	7	601	601	245
373	7	602	603	246
374	8	604	608a	247
375	8	608b	611	248
376	8	612	614	249
377	8	615	617	250
378	8	618	620	251
379	8	621	622	252
380	8	623	623	253
381	9	624	627	254
382	9	628	630	255
383	9	630	630	256
384	10	631	632	257
385	10	633	635	258
386	10	636	637	259
387	10	638	640	260
388	10	641	641	261
389	10	642	643	262
390	10	643	643	263
391	10	644	644	264
392	10	644	644	265
393	10	644	644	266
394	10	644	644	267
395	10	645	645	268
396	10	646	647	269
397	10	648	649	270
398	10	650	653	271
399	10	654	654	272
400	10	655	658	273
401	10	659	661	274
402	10	662	664	275
403	10	665	666	276
404	10	667	668	277
405	10	669	671	278
406	10	672	673	279
407	10	674	676	280
408	10	677	677	281
409	10	678	679	282
410	10	679	679	283
411	10	680	680	284
412	10	681	682	285
413	10	682	682	286
414	10	683	683	287
415	10	684	685	288
416	10	686	686	289
417	10	686	686	290
418	10	687	687	291
419	10	688	689	292
420	10	690	691	293
421	10	692	692	294
422	10	692	692	295
423	10	693	694	296
424	10	694	694	297
425	10	695	696	298
426	10	697	697	299
427	10	698	698	300
428	10	699	699	301
429	10	699	699	302
430	10	700	700	303
431	10	700	700	304
432	10	701	701	305
433	10	702	702	306
434	10	703	703	307
435	10	703	703	308
436	10	703	703	309
437	10	703	703	310
438	10	704	705	311
439	10	706	706	312
440	10	706	706	313
441	10	706	706	314
442	10	707	708	315
443	10	709	709	316
444	10	709	709	317
445	10	710	710	318
446	10	711	711	319
447	10	712	714	320
448	10	715	715	321
449	10	716	717	322
450	10	718	718	323
451	10	719	720	324
452	10	720	720	325
453	10	721	724	326
454	10	725	727	327
455	10	728	730	328
456	10	731	733	329
457	10	734	734	330
458	10	735	735	331
459	10	736	737	332
460	10	738	738	333
461	10	739	739	334
462	10	740	740	335
463	10	741	744	336
464	10	745	747	337
465	10	748	749	338
466	10	750	751	339
467	10	752	752	340
468	10	753	754	341
469	10	754	754	342
470	10	755	757	343
