(1, 1, 1, 1, 67) dlc = col
(1, 1, 2, 1, 37) dlc = col
(1, 1, 3, 1, 22) dlc = col
(1, 1, 4, 1, 26) dlc = col
(1, 1, 5, 1, 22) dlc = col
(1, 1, 6, 1, 4) dlc = col
(1, 1, 7, 1, 38) dlc = col
(1, 2, 1, 1, 12) dlc = col
(1, 2, 2, 1, 4) dlc = col
(1, 2, 3, 1, 43) dlc = col
(2, 1, 0, 1, 19) dlc = col
(2, 2, 0, 1, 20) dlc = col
(2, 3, 0, 1, 8) dlc = col
(2, 4, 1, 1, 20) dlc = col
(2, 4, 2, 1, 62) dlc = col
(2, 4, 3, 1, 31) dlc = col
(2, 4, 4, 1, 23) dlc = col
(2, 4, 5, 1, 35) dlc = col
(2, 5, 0, 1, 43) dlc = col
(2, 6, 1, 1, 49) dlc = col
(2, 6, 2, 1, 50) dlc = col
(2, 6, 3, 1, 41) dlc = col
(2, 7, 0, 1, 57) dlc = col
(2, 8, 1, 1, 32) dlc = col
(2, 8, 2, 1, 88) dlc = col
(2, 9, 0, 1, 112) dlc = col
(2, 10, 0, 1, 47) dlc = col
(3, 1, 0, 1, 51) dlc = col
(3, 2, 0, 1, 62) dlc = col
(3, 3, 0, 1, 43) dlc = col
(3, 4, 1, 1, 18) dlc = col
(3, 4, 2, 19, 20) dlc = col
(3, 4, 3, 20, 27) dlc = col
(3, 4, 4, 28, 28) (3, 4, 4, 28, 29)
(3, 4, 5, 29, 30) dlc = col
(3, 4, 6, 31, 31) dlc = col
(3, 4, 7, 32, 34) dlc = col
(3, 4, 8, 35, 36) dlc = col
(3, 4, 9, 36, 42) dlc = col
(3, 4, 10, 42, 44) (3, 4, 10, 42, 46)
(3, 4, 11, 44, 46) (3, 4, 11, 47, 59)
(3, 4, 12, 47, 47) (3, 4, 12, 60, 88)
(3, 4, 13, 48, 59) (3, 4, 13, 88, 90)
(3, 4, 14, 60, 88) (3, 4, 14, 91, 98)
(3, 4, 15, 88, 90) (3, 4, 15, 98, 107)
(3, 4, 16, 91, 97) (3, 4, 16, 107, 131)
(3, 4, 17, 97, 101) (3, 4, 17, 131, 134)
(3, 4, 18, 102, 131) (3, 4, 18, 135, 135)
(3, 4, 19, 131, 134) (3, 4, 19, 135, 147)
(3, 4, 20, 135, 135) (3, 4, 20, 147, 163)
(3, 4, 21, 135, 136) (3, 4, 21, 163, 194)
(3, 4, 22, 137, 140) (3, 4, 22, 195, 207)
(3, 4, 23, 140, 147) (3, 4, 23, 208, 215)
(3, 4, 24, 147, 163) (3, 4, 24, 216, 220)
(3, 4, 25, 163, 194) (3, 4, 25, 220, 227)
(3, 4, 26, 195, 207) (3, 4, 26, 228, 237)
(3, 4, 27, 208, 215) (3, 4, 27, 238, 241)
(3, 4, 28, 216, 220) (3, 4, 28, 1, 18)
(3, 4, 29, 220, 224) (3, 4, 29, 0, 0)
(3, 4, 30, 225, 237) (3, 4, 30, 0, 0)
(3, 4, 31, 238, 241) (3, 4, 31, 0, 0)
(3, 4, 32, 1, 18) (3, 4, 32, 0, 0)
(3, 5, 0, 1, 23) dlc = col
(3, 6, 1, 1, 10) dlc = col
(3, 6, 2, 11, 21) dlc = col
(3, 6, 3, 22, 32) dlc = col
(3, 6, 4, 32, 36) dlc = col
(3, 6, 5, 37, 38) dlc = col
(3, 6, 6, 39, 41) dlc = col
(3, 6, 7, 42, 42) dlc = col
(3, 6, 8, 42, 47) dlc = col
