pdf p.	adh.	from v.	to v.	i. p.
103	1	0	0	1
104	1	1a	1a	2
105	1	1b	1b	3
106	1	1b	1b	4
107	1	1b	1b	5
108	1	1b	1b	6
109	1	1b	1b	7
110	1	2	2	8
111	1	3	3	9
112	1	4	4	10
113	1	5	6	11
114	1	7	7	12
115	1	8	8	13
116	1	9	10	14
117	1	11	11	15
118	1	12	12	16
119	1	13	13	17
120	1	14	14	18
121	1	15	15	19
122	1	16	16	20
123	1	17	17	21
124	1	18	18	22
125	1	19	19	23
126	1	20	20	24
127	1	21	21	25
128	1	22	22	26
129	1	23	23	27
130	1	24	25	28
131	1	26	26	29
132	1	27	27	30
133	1	28	28	31
134	1	29	29	32
135	1	30	31	33
136	1	31	31	34
137	1	31	31	35
138	2	1	2	36
139	2	3	3	37
140	2	4	5a	38
141	2	5b	6	39
142	2	7	7	40
143	2	8	8	41
144	2	9	10	42
145	2	11	12	43
146	2	13	14	44
147	2	15	15	45
148	2	16	16	46
149	2	17	17	47
150	2	18	19	48
151	2	20	20	49
152	2	21	22	50
153	2	23	24	51
154	2	25	25	52
155	2	26	27	53
156	2	28	30	54
157	2	31	32	55
158	2	33	33	56
159	2	34	34	57
160	2	34	34	58
161	3	1	1	59
162	3	2	3	60
163	3	4	5	61
164	3	6	6	62
165	3	7	8	63
166	3	9	9	64
167	3	10	10	65
168	3	11	12	66
169	3	13	14	67
170	3	15	16	68
171	3	17a	17a	69
172	3	17b	18	70
173	3	19	20	71
174	3	21	21	72
175	3	22	23	73
176	3	24	25	74
177	3	26	27	75
178	3	28	29	76
179	3	30	32	77
180	3	33	34	78
181	3	35	37a	79
182	3	37b	38	80
183	3	39	41	81
184	3	42	43	82
185	3	44	45	83
186	3	46	46	84
187	3	47	48	85
188	3	49	49	86
189	3	50	51	87
190	3	52	53	88
191	3	54	56	89
192	3	57	58	90
193	3	59	60a	91
194	3	60b	61	92
195	3	62	62	93
196	3	63	63	94
198	4	1	1	96
199	4	2	2	97
200	4	3	3	98
201	4	4	5	99
202	4	6	7a	100
203	4	7b	8	101
204	4	9	10	102
205	4	10	10	103
206	4	11	11	104
207	4	12	13a	105
208	4	13b	14	106
209	4	15	16	107
210	4	17	18	108
211	4	19	19	109
212	4	20	20	110
213	4	21	22	111
214	4	23	23	112
215	4	24	24	113
216	4	25	25	114
217	4	26	26	115
218	4	27	27	116
219	4	28	28	117
220	4	29	30	118
221	4	31	31	119
222	4	32	33	120
223	4	34	35	121
224	4	36	36	122
225	4	37	37	123
226	4	37	37	124
227	5	1	1	125
228	5	2	2	126
229	5	3	4	127
230	5	5	5	128
231	5	5	5	129
232	5	6	7	130
233	5	8	8	131
234	5	9	9	132
235	5	9	9	133
236	5	10	11a	134
237	5	11b	12	135
238	5	13	13	136
239	5	14	14	137
240	5	15	15	138
241	5	16	17	139
242	5	18a	18a	140
243	5	18b	19	141
244	5	20	21	142
245	5	22	22	143
246	5	23	23	144
247	5	24	24	145
248	5	25	25	146
249	5	26	26	147
250	5	27	28	148
251	5	29	30	149
252	5	31	31	150
253	5	32	32	151
254	5	33	33	152
255	5	34	34	153
256	5	35	36a	154
257	5	36b	38	155
258	5	39	40	156
259	5	41	42	157
260	5	43	43	158
261	5	43	43	159
262	6	1	2a	160
263	6	2b	3	161
264	6	4	4	162
265	6	5	6	163
266	6	7	8	164
267	6	9	9	165
268	6	10	11	166
269	6	12	12	167
270	6	13	14	168
271	6	15	15	169
272	6	16	16	170
273	6	17	18	171
274	6	19a	19a	172
275	6	19b	20	173
276	6	21	22a	174
277	6	22b	23	175
278	6	24	24	176
279	6	25	25	177
280	6	26	26	178
281	6	27	28	179
282	6	29	30a	180
283	6	30b	31	181
284	6	32	33	182
285	6	34	35	183
286	6	36	37	184
287	6	37	37	185
288	7	1	1	186
289	7	2	3	187
290	7	3	3	188
291	7	4	5	189
292	7	6	8	190
293	7	9	10	191
294	7	11	11	192
295	7	12	12	193
296	7	12	12	194
297	7	13	14	195
298	7	15	16a	196
299	7	16b	17	197
300	7	18	18	198
301	7	19	20	199
302	7	21	22	200
303	7	23	23	201
304	7	24	25a	202
305	7	25b	26	203
306	7	27	28	204
307	7	29	30a	205
308	7	30b	31a	206
309	7	31b	32	207
310	7	33	34	208
311	7	35	36	209
312	7	37	37	210
313	7	38	39a	211
314	7	39b	40	212
315	7	41	42	213
316	7	43	45	214
317	7	46	46	215
318	7	47	47	216
319	7	48	48	217
320	8	1	1	218
321	8	2	3	219
322	8	4	4	220
323	8	5	5	221
324	8	6	7	222
325	8	8	9	223
326	8	10	10	224
327	8	11	13a	225
328	8	13b	15	226
329	8	16	18a	227
330	8	18b	20a	228
331	8	20b	22	229
332	8	23	23	230
333	8	24	25	231
334	8	26	27	232
335	8	28	28	233
336	8	29	31	234
337	8	32	33	235
338	8	34	35	236
339	8	36	37	237
340	8	38	38	238
341	8	39	40	239
342	8	41	42	240
343	8	43	44	241
344	8	45	45	242
345	8	46	47	243
346	8	48	49	244
347	8	50	51	245
348	8	52	53	246
349	8	54	54	247
350	8	55	55	248
351	8	56	57	249
352	8	58	59	250
353	8	60	60	251
354	8	61	62	252
355	8	63	63	253
356	8	63	63	254
357	8	63	63	255
358	9	1	2	256
359	9	3	4a	257
360	9	4b	5	258
361	9	6	6	259
362	9	7	9	260
363	9	10	11	261
364	9	12	13	262
365	9	14	14	263
366	9	15	16	264
367	9	17	18	265
368	9	19	20	266
369	9	21	21	267
370	9	22	23	268
371	9	24	26a	269
372	9	26b	30a	270
373	9	30b	31	271
374	9	32	34a	272
375	9	34b	35	273
376	9	36	37	274
377	9	38	39	275
378	9	40	40	276
379	9	40	40	277
380	10	1	1	278
381	10	2	2	279
382	10	3	4a	280
383	10	4b	4b	281
384	10	5	5	282
385	10	6	6	283
386	10	7	7	284
387	10	8	8	285
388	10	9	9	286
389	10	10	10	287
390	10	11	12	288
391	10	13	14	289
392	10	15	16	290
393	10	17	18	291
394	10	19a	19a	292
395	10	19b	19b	293
396	10	20	20	294
397	10	21	21	295
398	10	22	23	296
399	10	24	24	297
400	10	25	25	298
401	10	26	27	299
402	10	28	28	300
403	10	29	29	301
404	10	30	30	302
405	10	31	32	303
406	10	33	33	304
407	10	34	34	305
408	10	34	34	306
409	11	1	1	307
410	11	1	1	308
411	11	2	4	309
412	11	5	6	310
413	11	7	8	311
414	11	9	9	312
415	11	10	12	313
416	11	13	14	314
417	11	15	16a	315
418	11	16b	18	316
419	11	19	20	317
420	11	21	22	318
421	11	23	24	319
422	11	25	26	320
423	11	27	28	321
424	11	29	30	322
425	11	31	32	323
426	11	33	35	324
427	11	36	36	325
428	11	37	39	326
429	11	40	41	327
430	11	42	43	328
431	11	44	46a	329
432	11	46b	47a	330
433	11	47b	48	331
434	11	49	50	332
435	11	51	52	333
436	11	53	55	334
437	11	56	57	335
438	11	58	58	336
439	11	59	60	337
440	11	61	61	338
441	11	62	62	339
442	11	63	65a	340
443	11	65b	66	341
444	11	67	69a	342
445	11	69b	71	343
446	11	72	74	344
447	11	75	76	345
448	11	77	79	346
449	11	80	81	347
450	11	82	83	348
451	11	83	83	349
452	12	1	2	350
453	12	3a	3a	351
454	12	3b	4	352
455	12	5	5	353
456	12	6	7	354
457	12	8	10	355
458	12	11	12	356
459	12	13	14	357
460	12	15	17	358
461	12	18	19	359
462	12	20	22a	360
463	12	22b	24	361
464	12	25	26	362
465	12	27	28	363
466	12	29	31	364
467	12	32	34	365
468	12	35	37	366
469	12	38	42	367
470	12	43	44	368
471	12	45	46	369
472	12	47	47	370
473	12	48	49	371
474	12	50	51	372
475	12	52	53	373
476	12	54	55	374
477	12	56	57	375
478	12	58	60	376
479	12	61	62	377
480	12	63	65a	378
481	12	65b	66	379
482	12	67	68	380
483	12	69	69	381
484	12	70	71	382
485	12	72	74	383
486	12	75	75	384
487	12	76	78a	385
488	12	78b	79	386
489	12	80	81	387
490	12	82	84	388
491	12	85	87a	389
492	12	87b	89	390
493	12	90	93	391
494	12	94	97	392
495	12	98	100	393
496	12	101	102	394
497	12	103	105	395
498	12	106	107	396
499	12	108	109	397
500	12	110	112	398
501	12	113	114	399
502	12	115	117	400
503	13	1	1	401
504	13	2	3	402
505	13	4	5	403
506	13	6	8	404
507	13	9	10	405
508	13	11	12	406
509	13	13	15	407
510	13	16	17	408
511	13	18	19	409
512	13	20	22	410
513	13	23	24	411
514	13	25	26a	412
515	13	26b	28	413
516	13	29	31	414
517	13	32	35a	415
518	13	35b	37	416
519	13	38	39	417
520	13	40	41	418
521	13	42	42	419
522	13	43	44	420
523	13	45	47	421
524	13	48	49	422
525	13	50	51	423
526	13	52	53	424
527	13	54a	54a	425
528	13	54b	54b	426
529	13	55	55	427
530	13	56	56	428
531	13	57	57	429
532	13	58	58	430
533	13	58	58	431
534	14	1	1	432
535	14	2	2	433
536	14	3	4	434
537	14	5	7a	435
538	14	7b	8a	436
539	14	8b	9	437
540	14	9	9	438
541	14	10	10	439
542	14	11	11	440
543	14	12	13	441
544	14	14	17a	442
545	14	17b	18	443
546	14	19	21	444
547	14	22	22	445
548	14	23	23	446
549	14	23	23	447
550	14	23	23	448
551	14	23	23	449
552	14	24	24	450
553	14	24	24	451
554	14	25	26	452
555	14	27	28	453
556	14	29	29	454
557	14	30	30	455
558	14	31	31	456
559	15	1	1	457
560	15	2	3	458
561	15	4	4	459
562	15	5a	5a	460
563	15	5b	5b	461
564	15	6	6	462
565	15	7	8	463
566	15	9	10	464
567	15	11	11	465
568	15	12	14	466
569	15	15	15	467
570	15	16	17	468
571	15	18	19	469
572	15	20	22	470
573	15	23	25	471
574	15	26	27	472
575	15	28	29	473
576	15	30	33	474
577	15	34	34	475
578	15	35	36	476
579	15	37	40	477
580	15	41	42	478
581	15	43	44	479
582	15	45	47	480
583	15	48	49	481
584	15	50	51	482
585	15	52	53	483
586	15	54	57	484
587	15	58	62	485
588	15	63	64	486
589	15	65	65	487
590	16	1	1	488
591	16	2	2	489
592	16	3	5	490
593	16	6	7	491
594	16	8	10	492
595	16	11	14	493
596	16	15	17	494
597	16	18	18	495
598	16	19	20	496
599	16	21	21	497
600	16	22	23	498
601	16	24	26	499
602	16	27	28	500
603	16	29	30	501
604	16	31	33	502
605	16	34	35	503
606	16	36	38	504
607	16	39	40	505
608	16	41	43	506
609	16	44	46	507
610	16	47	47	508
611	16	48	49	509
612	16	50	52	510
613	16	53	55	511
614	16	56	60	512
615	16	61	64	513
616	16	65	66	514
617	17	1	1	515
618	17	2a	2a	516
619	17	2b	3	517
620	17	4	6	518
621	17	7	8	519
622	17	9	10	520
623	17	11	13a	521
624	17	13b	14	522
625	17	15	17	523
626	17	18	18	524
627	17	19	20	525
628	17	21	25a	526
629	17	25b	26	527
630	17	27	29a	528
631	17	29b	31	529
632	17	32	32	530
633	17	33	34	531
634	17	35	36	532
635	17	37	39	533
636	17	40	42	534
637	17	43	45	535
638	17	46	48a	536
639	17	48b	50	537
640	17	51	53	538
641	17	54	55	539
642	17	56	57	540
643	17	58	59	541
644	17	60	60	542
645	17	61	63	543
646	17	64	66	544
647	17	67	68	545
648	17	69	71	546
649	17	72	73	547
650	17	74	75	548
651	17	76	78	549
652	17	79	80	550
653	17	81	83	551
654	17	84	86	552
655	17	87	87	553
656	17	88	89	554
657	17	90	91a	555
658	17	91b	92	556
659	17	93	94	557
660	17	95	96	558
661	17	97	98	559
662	17	99	99	560
663	18	1	1	561
664	18	2	2	562
665	18	3	5a	563
666	18	5b	7	564
667	18	8	10	565
668	18	11	13	566
669	18	14	16a	567
670	18	16b	19	568
671	18	20	22	569
672	18	23	25a	570
673	18	25b	26	571
674	18	27	28a	572	# changed
675	18	28b	29a	573	# changed
676	18	29b	30	574
677	18	31	33	575
678	18	34	36	576
679	18	37	38	577
680	18	38	38	578
681	18	39	40	579
682	18	41	43	580
683	18	44	45	581
684	18	46	48	582
685	18	49	50	583
686	18	51	51	584
687	18	52	53	585
688	18	54	55	586
689	18	56	57	587
690	18	58	59	588
691	18	60	63a	589
692	18	63b	66	590
693	18	67	68	591
694	18	69	71a	592
695	18	71b	73	593
696	18	74	75	594
697	18	76	77	595
698	18	77	77	596
699	19	1	1	597
700	19	2	2	598
701	19	3	3	599
702	19	4	6	600
703	19	7	7	601
704	19	8	9	602
705	19	10	11	603
706	19	12	12	604
707	19	13	15	605
708	19	16	19a	606
709	19	19b	22	607
710	19	23	26	608
711	19	27	30	609
712	19	31	32	610
713	19	33	35	611
714	19	36	36	612
715	19	37	38	613
716	19	39	42	614
717	19	43	45	615
718	19	46	48a	616
719	19	48b	49	617
720	19	50	51	618
721	19	52	53	619
722	19	54	56	620
723	19	57	58	621
724	19	59	61a	622
725	19	61b	63	623
726	19	64	65	624
727	19	66	68	625
728	19	69	70	626
729	19	71	73	627
730	19	74	77	628
731	19	78	80	629
732	19	81	83	630
733	19	84	86	631
734	19	87	89	632
735	19	90	93	633
736	19	94	95	634
737	20	1	1	635
738	20	2	3	636
739	20	4	6	637
740	20	7	9	638
741	20	10	11	639
742	20	12	14	640
743	20	15	18a	641
744	20	18b	21	642
745	20	22	23	643
746	20	24	26	644
747	20	27	30	645
748	20	31	32	646
749	20	33	35	647
750	20	36	37	648
751	20	38	39	649
752	20	40	41	650
753	20	42	44	651
754	20	45	47	652
755	20	48	48	653
756	20	49	51	654
757	20	52	54	655
758	20	55	57a	656
759	20	57b	60	657
760	20	61	64	658
761	20	65	67	659
762	20	68	71	660
763	20	72	74	661
764	20	75	77	662
765	20	78	80a	663
766	20	80b	82	664
767	20	83	85	665
768	20	86	89	666
769	20	90	90	667
770	21	1	4a	668
771	21	4b	6	669
772	21	7	9a	670
773	21	9b	13a	671
774	21	13b	17a	672
775	21	17b	21	673
776	21	22	24	674
777	21	25	29	675
778	21	30	31	676
779	21	32	33	677
780	21	34	36	678
781	21	37	38	679
782	21	39	40	680
783	21	41	42a	681
784	21	42b	43	682
785	21	44a	44a	683
786	21	44b	46	684
787	21	47	47	685
788	21	48	49	686
789	21	50	53a	687
790	21	53b	56	688
791	21	57	58	689
792	21	59	60	690
793	21	61	61	691
794	22	1	2a	692
795	22	2b	4	693
796	22	5	5	694
797	22	6	6	695
798	22	7	8a	696
799	22	8b	11	697
800	22	12	16	698
801	22	17	19a	699
802	22	19b	19b	700
803	22	20a	20a	701
804	22	20b	20b	702
805	22	21	22	703
806	22	23	24a	704
807	22	24b	29	705
808	22	30	34	706
809	23	1	1	707
810	23	2	3	708
811	23	4	5	709
812	23	6	8a	710
813	23	8b	9	711
814	23	10	12	712
815	23	13	14a	713
816	23	14b	16	714
817	23	17	18	715
818	23	19	19	716
819	23	20	22	717
820	23	23	24	718
821	23	25	27	719
822	23	28	29	720
823	23	30	31	721
824	23	32	33	722
825	23	34	37a	723
826	23	37b	40	724
827	23	41	43	725
828	23	44	48	726
829	23	49	51	727
830	23	52	55	728
831	23	56	58	729
832	23	59	60	730
833	23	61	63	731
834	23	64	65	732
835	24	1	1	733
836	24	2	3	734
837	24	4	5	735
838	24	6	8	736
839	24	9	12	737
840	24	13	15	738
841	24	16	18	739
842	24	19	21	740
843	24	22	25	741
844	24	26	29	742
845	24	30	32	743
846	24	33	35	744
847	24	36	39	745
848	24	40	40	746
849	25	1	1	747
850	25	1	1	748
851	25	2	2	749
852	25	3	4	750
853	25	5	6a	751
854	25	6b	7	752
855	25	8	8	753
856	25	9	9	754
857	25	10	12	755
858	25	13	14	756
859	25	15	17	757
860	25	18	19	758
861	25	20	22	759
862	25	23	24	760
863	25	25	25	761
864	25	26	27	762
865	25	28	29	763
866	25	30	32	764
867	25	33	35	765
868	25	36	37	766
869	25	38	39	767
870	25	40	41	768
871	25	42	43	769
872	25	44	45	770
873	25	46	46	771
874	25	47	47	772
874	26	1a	1a	772
875	26	1b	2a	773
876	26	2b	3	774
877	26	4	6	775
878	26	7	9	776
879	26	10	11	777
880	26	12	14	778
881	26	15	17	779
882	26	19	21	780
883	26	22	24	781
884	26	25	26	782
885	26	26	26	783
886	27	1	3	784
887	27	4	5	785
888	27	6	8	786
889	27	9	11	787
890	27	12	15	788
891	27	16	19	789
892	27	20	23	790
893	27	24	25	791
894	27	26	28	792
895	27	29	32	793
896	27	33	36	794
897	27	37	39	795
898	27	40	41	796
899	27	42	43	797
900	27	44	45	798
901	28	1a	1a	799
902	28	1b	2	800
903	28	3	5	801
904	28	6	8	802
905	28	9	11	803
906	28	12	13	804
907	28	14	15	805
908	28	16	18a	806
909	28	18b	20	807
910	28	21	23	808
911	28	24	26	809
912	28	27	29	810
913	28	30	32a	811
914	28	32b	34	812
915	28	35	38a	813
916	28	38b	42	814
917	28	43	46	815
918	29	1	1	816
919	29	2	5	817
920	29	6	7	818
921	29	8	11a	819
922	29	11b	14	820
923	29	15	17	821
924	29	18	20	822
925	29	21	22	823
926	29	23	25	824
927	29	26	27	825
928	29	28	30	826
929	29	31	32	827
930	29	33	36a	828
931	29	36b	39a	829
932	29	39b	41	830
933	29	42	44a	831
934	29	44b	46	832
935	29	47	48	833
936	29	49	50	834
937	29	51	53	835
938	29	54	55	836
939	29	56	58	837
940	29	59	60	838
941	29	60	60	839
942	30	1	4	840
943	30	5	7a	841
944	30	7b	9	842
945	30	10	12	843
946	30	13	14	844
947	30	15	16	845
948	30	17	19	846
949	30	20	21	847
950	30	22	22	848
951	31	1	1	849
952	31	1	1	850
953	31	2	3	851
954	31	4	5	852
955	31	6	9	853
956	31	10	13a	854
957	31	13b	15	855
958	31	16	17	856
959	31	18	19	857
960	31	20	22	858
961	32	1	2	859
962	32	3	6	860
963	32	7	9a	861
964	32	9b	11	862
965	32	12	14	863
966	32	15	16	864
966	33	1	1	864
967	33	2	5	865
968	33	6	9	866
969	33	10	11	867
970	33	12	14	868
971	33	15	17	869
972	33	18	19	870
973	33	20	22	871
974	33	23	25	872
975	33	26	27	873
976	33	28	29	874
977	33	30	32	875
978	33	33	34	876
979	33	35	37	877
980	33	38	40	878
981	33	41	42	879
982	33	43	44	880
983	33	45	47	881
984	33	48	50	882
985	33	51	54	883
986	33	55	56	884
987	33	58	59	885
988	33	60	61	886
989	33	62	64a	887
990	33	64b	67	888
991	33	68	70a	889
992	33	70b	73	890
993	33	74	74	891
994	33	75	75	892
995	33	76	78	893
996	33	79	79	894
997	33	80	81	895
998	33	82	84	896
999	33	85	87	897
1000	33	88	89	898
1001	33	90	91	899
1002	33	92	93	900
1003	33	94	95	901
1004	33	96	97	902
1005	34	1	1	903
1006	34	2	2	904
1007	34	3	4	905
1008	34	5	6	906
1009	34	7	9	907
1010	34	10	12	908
1011	34	13	15	909
1012	34	16	16	910
1013	34	17	19	911
1014	34	20	21	912
1015	34	22	23	913
1016	34	24	25	914
1017	34	26	27	915
1018	34	28	30	916
1019	34	31	34	917
1020	34	35	36	918
1021	34	37	40a	919
1022	34	40b	43	920
1023	34	44	46	921
1024	34	47	48	922
1025	34	49	50	923
1026	34	51	53	924
1027	34	54	56a	925
1028	34	56b	58	926
1029	35	1	1	927
1030	35	1	1	928
1031	35	2	3	929
1032	35	4	6	930
1033	35	7	8	931
1034	35	9	11	932
1035	35	12	14	933
1036	35	15	17	934
1037	35	18	19	935
1038	35	20	21	936
1039	35	22	22	937
1040	36	1	2	938
1041	36	3	8	939
1042	36	9	11	940
1043	36	12	17	941
1044	36	18	21	942
1045	36	22	24	943
1046	37	1	3	944
1047	37	4	6	945
1048	37	7	7	946
1049	37	8	9	947
1050	37	10	11a	948
1051	37	11b	11b	949
1052	37	12	12	950
1053	37	13	13	951
1054	37	14	14	952
1055	37	15	16	953
1056	37	17	18	954
1057	37	19	20	955
1058	37	21	21	956
1059	38	1	3	957
1060	38	4	5	958
1061	38	6	6	959
1062	38	7	7	960
1063	38	8	9	961
1064	38	10	11	962
1065	38	12	13	963
1066	38	14	15	964
1067	38	16	16	965
1068	38	17	17	966
1069	38	18	19	967
1070	38	20	21	968
1071	38	22	25	969
1072	38	26	28a	970
1073	38	28b	28b	971
1074	39	1	3	972
1075	39	4	5	973
1076	39	6	7	974
1077	39	8	8	975
1078	39	9	10a	976
1079	39	10b	13	977
1080	40	1	1	978
1081	40	2	2	979
1082	40	3	4	980
1083	40	5a	5a	981
1084	40	5b	6	982
1085	40	7	8	983
1086	40	9	9	984
1087	40	10	11	985
1088	40	12	15	986
1089	40	16	16	987
1090	40	17	17	988
