page	kāṇḍa	adhy.	brāhm.	from kaṇḍikā	to kaṇḍikā	ipage
22	1	1	1	1	7a	1
23	1	1	1	7b	17a	2
24	1	1	1	17b	22	3
24	1	1	2	1	3a	3
25	1	1	2	3b	13a	4
26	1	1	2	13b	22a	5
27	1	1	2	22b	23	6
27	1	1	3	1	6a	6
28	1	1	3	6b	12	7
28	1	1	4	1	3a	7
29	1	1	4	3b	9a	8
30	1	1	4	9b	17a	9
31	1	1	4	17b	24	10
31	1	2	1	1	3a	10
32	1	2	1	3b	12a	11
33	1	2	1	12b	21a	12
34	1	2	1	21b	22	13
34	1	2	2	1	4a	13
35	1	2	2	4b	15a	14
36	1	2	2	15b	18	15
36	1	2	3	1	6a	15
37	1	2	3	6b	9	16
37	1	2	4	1	4a	16
38	1	2	4	4b	14a	17
39	1	2	4	14b	20a	18
40	1	2	4	20b	21	19
40	1	2	5	1	9a	19
41	1	2	5	9b	17a	20
42	1	2	5	17b	24a	21
43	1	2	5	24b	26	22
43	1	3	1	1	6a	22
44	1	3	1	6b	15a	23
45	1	3	1	15b	23a	24
46	1	3	1	23b	28	25
46	1	3	2	1	6a	25
47	1	3	2	6b	15a	26
48	1	3	2	15b	18	27
48	1	3	3	1	4a	27
49	1	3	3	4b	12a	28
50	1	3	3	12b	20a	29
51	1	3	3	20b	20b	30
51	1	3	4	1	10a	30
52	1	3	4	10b	16	31
52	1	3	5	1	3a	31
53	1	3	5	3b	12a	32
54	1	3	5	12b	16	33
54	1	4	1	1	4	33
55	1	4	1	5	15a	34
56	1	4	1	15b	25a	35
57	1	4	1	25b	34a	36
58	1	4	1	34b	39a	37
59	1	4	1	39b	40	38
59	1	4	2	1	10a	38
60	1	4	2	10b	19	39
61	1	4	3	1	14a	40
62	1	4	3	14b	22	41
62	1	4	4	1	5a	41
63	1	4	4	5b	15a	42
64	1	4	4	15b	15b	43
64	1	4	5	1	7a	43
65	1	4	5	7b	13	44
65	1	5	1	1	4a	44
66	1	5	1	4b	15a	45
67	1	5	1	15b	25a	46
68	1	5	1	25b	26	47
68	1	5	2	1	6a	47
69	1	5	2	6b	18a	48
70	1	5	2	18b	20	49
70	1	5	3	1	6a	49
71	1	5	3	6b	14a	50
72	1	5	3	14b	23a	51
73	1	5	3	23b	25	52
73	1	5	4	1	5a	52
74	1	5	4	5b	16	53
74	1	6	1	1	1a	53
75	1	6	1	1b	11	54
76	1	6	1	12	20a	55
77	1	6	1	20b	21	56
77	1	6	2	1	5a	56
78	1	6	2	5b	12	57
78	1	6	3	1	5a	57
79	1	6	3	5b	14a	58
80	1	6	3	14b	23a	59
81	1	6	3	23b	30a	60
82	1	6	3	30b	39a	61
83	1	6	3	39b	41	62
83	1	6	4	1	5a	62
84	1	6	4	5b	15a	63
85	1	6	4	15b	21	64
85	1	7	1	1	1a	64
86	1	7	1	1b	11a	65
87	1	7	1	11b	19a	66
88	1	7	1	19b	21	67
88	1	7	2	1	9a	67
89	1	7	2	9b	17a	68
90	1	7	2	17b	26a	69
91	1	7	2	26b	26b	70
91	1	7	3	1	10a	70
92	1	7	3	10b	18a	71
93	1	7	3	18b	28a	72
94	1	7	3	28b	28b	73
94	1	7	4	1	8a	73
95	1	7	4	8b	19a	74
96	1	7	4	19b	22	75
96	1	8	1	1	4	75
97	1	8	1	5	13a	76
98	1	8	1	13b	24a	77
99	1	8	1	24b	31a	78
100	1	8	1	31b	41a	79
101	1	8	1	41b	44	80
101	1	8	2	1	6a	80
102	1	8	2	6b	14a	81
103	1	8	2	14b	17	82
103	1	8	3	1	5a	82
104	1	8	3	5b	13a	83
105	1	8	3	13b	21a	84
106	1	8	3	21b	27a	85
107	1	8	3	27b	27b	86
107	1	9	1	1	8a	86
108	1	9	1	8b	16a	87
109	1	9	1	16b	26a	88
110	1	9	1	26b	29	89
110	1	9	2	1	6	89
111	1	9	2	7	19a	90
112	1	9	2	19b	28a	91
113	1	9	2	28b	35a	92
114	1	9	2	35b	35b	93
114	1	9	3	1	9a	93
115	1	9	3	9b	16a	94
116	1	9	3	16b	23	95
156	2	1	1	1	7a	135
157	2	1	1	7b	14	136
157	2	1	2	1	2a	136
158	2	1	2	2b	11a	137
159	2	1	2	11b	19	138
159	2	1	3	1	1a	138
160	2	1	3	1b	9	139
160	2	1	4	1	1a	139
161	2	1	4	1b	8a	140
162	2	1	4	8b	17a	141
163	2	1	4	17b	27a	142
164	2	1	4	27b	30	143
164	2	2	1	1	3a	143
165	2	2	1	3b	14a	144
166	2	2	1	14b	22	145
167	2	2	2	1	10a	146
168	2	2	2	10b	20a	147
169	2	2	2	20b	20b	148
169	2	2	3	1	7	148
170	2	2	3	8	19a	149
171	2	2	3	19b	27a	150
172	2	2	3	27b	28	151
172	2	2	4	1	6a	151
173	2	2	4	6b	15a	152
174	2	2	4	15b	18	153
174	2	3	1	1	4a	153
175	2	3	1	4b	12a	154
176	2	3	1	12b	19a	155
177	2	3	1	19b	30a	156
178	2	3	1	30b	39a	157
179	2	3	1	39b	39b	158
179	2	3	2	1	8a	158
180	2	3	2	8b	18a	159
181	2	3	2	18b	18b	160
181	2	3	3	1	8a	160
182	2	3	3	8b	16	161
183	2	3	3	17	20	162
183	2	3	4	1	5a	162
184	2	3	4	5b	13a	163
185	2	3	4	13b	21a	164
186	2	3	4	21b	29a	165
187	2	3	4	29b	37a	166
188	2	3	4	37b	41	167
188	2	4	1	1	5a	167
189	2	4	1	5b	14a	168
189	2	4	1	14b	14b	168
190	2	4	2	1	7a	169
191	2	4	2	7b	17a	170
192	2	4	2	17b	24	171
192	2	4	3	1	2a	171
193	2	4	3	2b	10a	172
194	2	4	3	10b	14	173
194	2	4	4	1	2a	173
195	2	4	4	2b	10a	174
196	2	4	4	10b	18a	175
197	2	4	4	18b	25	176
197	2	5	1	1	1a	176
198	2	5	1	1b	9a	177
199	2	5	1	9b	17a	178
200	2	5	1	17b	22	179
200	2	5	2	1	3a	179
201	2	5	2	3b	11a	180
202	2	5	2	11b	21a	181
203	2	5	2	21b	29a	182
204	2	5	2	29b	37a	183
205	2	5	2	37b	42a	184
206	2	5	2	42b	48	185
206	2	5	3	1	1a	185
207	2	5	3	1b	8a	186
208	2	5	3	8b	15a	187
209	2	5	3	15b	20	188
209	2	5	4	1	1a	188
210	2	5	4	1b	11a	189
211	2	5	4	11b	11b	190
211	2	6	1	1	9a	190
212	2	6	1	9b	17a	191
213	2	6	1	17b	27a	192
214	2	6	1	27b	33a	193
215	2	6	1	33b	40a	194
216	2	6	1	40b	48	195
217	2	6	2	1	9a	196
218	2	6	2	9b	17a	197
219	2	6	2	17b	19	198
219	2	6	3	1	4a	198
220	2	6	3	4b	13a	199
221	2	6	3	13b	17	200
221	2	6	4	1	6a	200
222	2	6	4	6b	9	201
244	3	1	1	1	7a	223
245	3	1	1	7b	12	224
245	3	1	2	1	2a	224
246	3	1	2	2b	11a	225
247	3	1	2	11b	20a	226
248	3	1	2	20b	21	227
248	3	1	3	1	6a	227
249	3	1	3	6b	16a	228
250	3	1	3	16b	25a	229
251	3	1	3	25b	28	230
251	3	1	4	1	5a	230
252	3	1	4	5b	15	231
253	3	1	4	16	23	232
253	3	2	1	1	3a	232
254	3	2	1	3b	11a	233
255	3	2	1	11b	21a	234
256	3	2	1	21b	30a	235
257	3	2	1	30b	40a	236
258	3	2	1	40b	40b	237
258	3	2	2	1	8a	237
259	3	2	2	8b	15a	238
260	3	2	2	15b	20a	239
261	3	2	2	20b	24a	240
262	3	2	2	24b	30	241
262	3	2	3	1	1a	241
263	3	2	3	1b	15a	242
264	3	2	3	15b	23	243
264	3	2	4	1	1a	243
265	3	2	4	1b	10a	244
266	3	2	4	10b	17a	245
267	3	2	4	17b	22	246
267	3	3	1	1	2a	246
268	3	3	1	2b	12a	247
269	3	3	1	12b	16	248
269	3	3	2	1	4a	248
270	3	3	2	4b	13a	249
271	3	3	2	13b	19	250
271	3	3	3	1	3a	250
272	3	3	3	3b	10a	251
273	3	3	3	10b	17	252
274	3	3	3	18	18	253
274	3	3	4	1	7a	253
275	3	3	4	7b	14a	254
276	3	3	4	14b	23a	255
277	3	3	4	23b	31	256
277	3	4	1	1	1a	256
278	3	4	1	1b	11a	257
279	3	4	1	11b	20a	258
280	3	4	1	20b	26	259
280	3	4	2	1	2a	259
281	3	4	2	2b	10a	260
282	3	4	2	10b	16	261
282	3	4	3	1	2a	261
283	3	4	3	2b	9a	262
284	3	4	3	9b	18a	263
285	3	4	3	18b	22	264
285	3	4	4	1	3a	264
286	3	4	4	3b	15a	265
287	3	4	4	15b	26a	266
288	3	4	4	26b	27	267
288	3	5	1	1	10a	267
289	3	5	1	10b	21a	268
290	3	5	1	21b	30a	269
291	3	5	1	30b	36	270
292	3	5	2	1	10a	271
293	3	5	2	10b	18	272
293	3	5	3	1	3a	272
294	3	5	3	3b	13a	273
295	3	5	3	13b	20a	274
296	3	5	3	20b	25	275
296	3	5	4	1	3a	275
297	3	5	4	3b	12a	276
298	3	5	4	12b	23a	277
299	3	5	4	23b	24	278
299	3	6	1	1	9a	278
300	3	6	1	9b	19a	279
301	3	6	1	19b	27a	280
302	3	6	1	27b	29	281
302	3	6	2	1	6a	281
303	3	6	2	6b	18a	282
304	3	6	2	18b	26a	283
305	3	6	2	26b	26b	284
305	3	6	3	1	7a	284
306	3	6	3	7b	15a	285
307	3	6	3	15b	21a	286
308	3	6	3	21b	21b	287
308	3	6	4	1	11a	287
309	3	6	4	11b	22a	288
310	3	6	4	22b	27	289
310	3	7	1	1	6a	289
311	3	7	1	6b	14a	290
312	3	7	1	14b	22a	291
313	3	7	1	22b	32	392
314	3	7	2	1	8a	393
315	3	7	2	8b	8b	294
315	3	7	3	1	9a	294
316	3	7	3	9b	13	295
316	3	7	4	1	4a	295
317	3	7	4	4b	11a	296
318	3	7	4	11b	11b	297
318	3	8	1	1	7a	297
319	3	8	1	7b	15a	298
320	3	8	1	15b	16	299
320	3	8	2	1	6a	299
321	3	8	2	6b	16a	300
322	3	8	2	16b	24a	301
323	3	8	2	24b	30	302
323	3	8	3	1	1a	302
324	3	8	3	1b	11a	303
325	3	8	3	11b	20a	304
326	3	8	3	20b	29a	305
327	3	8	3	29b	37a	306
328	3	8	3	37b	37b	307
328	3	8	4	1	10a	307
329	3	8	4	10b	18	308
329	3	8	5	1	7a	308
330	3	8	5	7b	11	309
330	3	9	1	1	3a	309
331	3	9	1	3b	13a	310
332	3	9	1	13b	25a	311
333	3	9	1	25b	27	312
333	3	9	2	1	10a	312
334	3	9	2	10b	17	313
335	3	9	3	1	9	314
336	3	9	3	10	16a	315
337	3	9	3	16b	26a	316
338	3	9	3	26b	33a	317
339	3	9	3	33b	34	318
339	3	9	4	1	5a	318
340	3	9	4	5b	12a	319
341	3	9	4	12b	18a	320
342	3	9	4	18b	24a	321
343	3	9	4	24b	25	322
362	4	1	1	1	9a	341
363	4	1	1	9b	19a	342
364	4	1	1	19b	27a	343
365	4	1	1	27b	28	344
365	4	1	2	1	8a	344
366	4	1	2	8b	18a	345
367	4	1	2	18b	26a	346
368	4	1	2	26b	27	347
368	4	1	3	1	10a	347
369	4	1	3	10b	19a	348
370	4	1	3	19b	19b	349
370	4	1	4	1	8a	349
371	4	1	4	8b	10	350
371	4	1	5	1	7a	350
372	4	1	5	7b	15a	351
373	4	1	5	15b	19	352
373	4	2	1	1	5a	352
374	4	2	1	5b	12a	353
375	4	2	1	12b	19a	354
376	4	2	1	19b	29a	355
377	4	2	1	29b	33	356
377	4	2	2	1	6a	356
378	4	2	2	6b	13a	357
379	4	2	2	13b	16	358
379	4	2	3	1	5a	358
380	4	2	3	5b	14a	359
381	4	2	3	14b	18	360
381	4	2	4	1	3	360
382	4	2	4	4	14a	361
383	4	2	4	14b	21a	362
384	4	2	4	21b	24	363
384	4	2	5	1	3a	363
385	4	2	5	3b	11a	364
386	4	2	5	11b	20a	365
387	4	2	5	20b	22	366
387	4	3	1	1	8a	366
388	4	3	1	8b	17	367
389	4	3	1	18	26a	368
390	4	3	1	26b	27	369
390	4	3	2	1	8a	369
391	4	3	2	8b	13	370
391	4	3	3	1	4a	370
392	4	3	3	4b	11a	371
393	4	3	3	11b	18a	372
394	4	3	3	18b	19	373
394	4	3	4	1	5a	373
395	4	3	4	5b	14a	374
396	4	3	4	14b	21a	375
397	4	3	4	21b	29a	376
398	4	3	4	29b	33	377
398	4	3	5	1	5	377
399	4	3	5	6	14a	378
400	4	3	5	14b	23a	379
401	4	3	5	23b	24	380
401	4	4	1	1	7a	380
402	4	4	1	7b	15a	381
403	4	4	1	15b	18	382
403	4	4	2	1	4a	382
404	4	4	2	4b	12a	383
405	4	4	2	12b	18a	384
406	4	4	2	18b	18b	385
406	4	4	3	1	10a	385
407	4	4	3	10b	15	386
407	4	4	4	1	3a	386
408	4	4	4	3b	10a	387
409	4	4	4	10b	14	388
409	4	4	5	1	2a	388
410	4	4	5	2b	13a	389
411	4	4	5	13b	20a	390
412	4	4	5	20b	23	391
412	4	5	1	1	3a	391
413	4	5	1	3b	12a	392
414	4	5	1	12b	16	393
414	4	5	2	1	3a	393
415	4	5	2	3b	10a	394
416	4	5	2	10b	17a	395
417	4	5	2	17b	18	396
417	4	5	3	1	7a	396
418	4	5	3	7b	11	397
418	4	5	4	1	5a	397
419	4	5	4	5b	14	398
420	4	5	5	1	12a	399
421	4	5	5	12b	13	400
421	4	5	6	1	5a	400
422	4	5	6	5b	5b	401
422	4	5	7	1	7a	401
423	4	5	7	7b	9	402
423	4	5	8	1	9a	402
424	4	5	8	9b	16	403
425	4	5	9	1	9a	404
426	4	5	9	9b	13	405
426	4	5	10	1	7a	405
427	4	5	10	7b	8	406
427	4	6	1	1	9a	406
428	4	6	1	9b	15	407
428	4	6	2	1	2	407
428	4	6	3	1	1a	407
429	4	6	3	1b	3	408
429	4	6	4	1	5a	408
430	4	6	4	5b	6	409
430	4	6	5	1	5	409
430	4	6	6	1	3a	409
431	4	6	6	3b	8	410
431	4	6	7	1	2a	410
432	4	6	7	2b	11a	411
433	4	6	7	11b	20a	412
434	4	6	7	20b	21	413
434	4	6	8	1	7a	413
435	4	6	8	7b	15a	414
436	4	6	8	15b	20	415
436	4	6	9	1	2a	415
437	4	6	9	2b	12a	416
438	4	6	9	12b	19a	417
439	4	6	9	19b	25	418
442	5	1	1	1	8a	421
443	5	1	1	8b	16	422
444	5	1	2	1	10a	423
445	5	1	2	10b	19a	424
446	5	1	2	19b	19b	425
446	5	1	3	1	6a	425
447	5	1	3	6b	14a	426
448	5	1	3	14b	14b	427
448	5	1	4	1	6a	427
449	5	1	4	6b	12a	428
450	5	1	4	12b	15	429
450	5	1	5	1	6a	429
451	5	1	5	6b	17a	430
452	5	1	5	17b	26a	431
453	5	1	5	26b	28	432
453	5	2	1	1	2a	432
454	5	2	1	2b	10a	433
455	5	2	1	10b	18a	434
456	5	2	1	18b	25	435
456	5	2	2	1	2a	435
457	5	2	2	2b	13a	436
458	5	2	2	13b	21a	437
459	5	2	2	21b	21b	438
459	5	2	3	1	6a	438
460	5	2	3	6b	10	439
460	5	2	4	1	2a	439
461	5	2	4	2b	8a	440
462	5	2	4	8b	14a	441
463	5	2	4	14b	20	442
463	5	2	5	1	2a	442
464	5	2	5	2b	11a	443
465	5	2	5	11b	17	444
465	5	3	1	1	2a	444
466	5	3	1	2b	7a	445
467	5	3	1	7b	12a	446
468	5	3	1	12b	13	447
468	5	3	2	1	4a	447
469	5	3	2	4b	8	448
469	5	3	3	1	3	448
470	5	3	3	4	12a	449
471	5	3	3	12b	15	450
471	5	3	4	1	5a	450
472	5	3	4	5b	12a	451
473	5	3	4	12b	18a	452
474	5	3	4	18b	28a	453
475	5	3	4	28b	28b	454
475	5	3	5	1	8a	454
476	5	3	5	8b	16a	455
477	5	3	5	16b	25a	456
478	5	3	5	25b	33a	457
479	5	3	5	33b	37	458
479	5	4	1	1	7a	458
480	5	4	1	7b	15a	459
481	5	4	1	15b	17	460
481	5	4	2	1	5a	460
482	5	4	2	5b	10	461
482	5	4	3	1	2a	461
483	5	4	3	2b	12a	462
484	5	4	3	12b	20a	463
485	5	4	3	20b	27a	464
486	5	4	3	27b	27b	465
486	5	4	4	1	9a	465
487	5	4	4	9b	19a	466
488	5	4	4	19b	25	467
488	5	4	5	1	2a	467
489	5	4	5	2b	12a	468
490	5	4	5	12b	22a	469
491	5	4	5	22b	23	470
491	5	5	1	1	6a	470
492	5	5	1	6b	12	471
492	5	5	2	1	1a	471
493	5	5	2	1b	10a	472
494	5	5	2	10b	10b	473
494	5	5	3	1	7	473
495	5	5	4	1	11a	474
496	5	5	4	11b	22a	475
497	5	5	4	22b	29a	476
498	5	5	4	29b	35	477
498	5	5	5	1	4a	477
499	5	5	5	4b	13a	478
500	5	5	5	13b	19	479
520	6	1	1	1	8a	499
521	6	1	1	8b	15a	500
522	6	1	1	15b	15b	501
522	6	1	2	1	9a	501
523	6	1	2	9b	18a	502
524	6	1	2	18b	28a	503
525	6	1	2	28b	34a	504
526	6	1	2	34b	35	505
526	6	1	3	1	8a	505
527	6	1	3	8b	18a	506
528	6	1	3	18b	20	507
528	6	2	1	1	6a	507
529	6	2	1	6b	14	508
530	6	2	1	15	24a	509
531	6	2	1	24b	33a	510
532	6	2	1	33b	39	511
532	6	2	2	1	3a	511
533	6	2	2	3b	10a	512
534	6	2	2	10b	16a	513
535	6	2	2	16b	28a	514
536	6	2	2	28b	35a	515
537	6	2	2	35b	39a	516
538	6	2	2	39b	40	517
538	6	2	3	1	7a	517
539	6	2	3	7b	10	518
539	6	3	1	1	5a	518
540	6	3	1	5b	15a	519
541	6	3	1	15b	19a	520
542	6	3	1	19b	25a	521
543	6	3	1	25b	33a	522
544	6	3	1	33b	41a	523
545	6	3	1	41b	44	524
545	6	3	2	1	4a	524
546	6	3	2	4b	10	525
546	6	3	3	1	5a	525
547	6	3	3	5b	13a	526
548	6	3	3	13b	18a	527
549	6	3	3	18b	25a	528
550	6	3	3	25b	26	529
550	6	4	1	1	5a	529
551	6	4	1	5b	12	530
552	6	4	2	1	8a	531
553	6	4	2	8b	10	532
553	6	4	3	1	5a	532
554	6	4	3	5b	10	533
554	6	4	4	1	1a	533
555	6	4	4	1b	10a	534
556	6	4	4	10b	18a	535
557	6	4	4	18b	22	536
557	6	5	1	1	4a	536
558	6	5	1	4b	12a	537
559	6	5	1	12b	12b	538
559	6	5	2	1	5a	538
560	6	5	2	5b	14a	539
561	6	5	2	14b	22a	540
562	6	5	2	22b	22b	541
562	6	5	3	1	7a	541
563	6	5	3	7b	11	542
563	6	5	4	1	4a	542
564	6	5	4	4b	10a	543
565	6	5	4	10b	17	544
565	6	6	1	1	1a	544
566	6	6	1	1b	11a	545
567	6	6	1	11b	22a	546
568	6	6	1	22b	24	547
568	6	6	2	1	6a	547
569	6	6	2	6b	14a	548
570	6	6	2	14b	16	549
570	6	6	3	1	5a	549
571	6	6	3	5b	11a	550
572	6	6	3	11b	17	551
572	6	6	4	1	2a	551
573	6	6	4	2b	9a	552
574	6	6	4	9b	15	553
574	6	7	1	1	2a	553
575	6	7	1	2b	12a	554
576	6	7	1	12b	20a	555
577	6	7	1	20b	28	556
578	6	7	2	1	6a	557
579	6	7	2	6b	14a	558
580	6	7	2	14b	16	559
580	6	7	3	1	5a	559
581	6	7	3	5b	11a	560
582	6	7	3	11b	16	561
582	6	7	4	1	2a	561
583	6	7	4	2b	7a	562
584	6	7	4	7b	14a	563
585	6	7	4	14b	15	564
585	6	8	1	1	6a	564
586	6	8	1	6b	14a	565
587	6	8	1	14b	15	566
587	6	8	2	1	5a	566
588	6	8	2	5b	12a	567
589	6	8	2	12b	12b	568
590	7	1	1	1	8a	569
591	7	1	1	8b	16a	570
592	7	1	1	16b	25a	571
593	7	1	1	25b	32a	572
594	7	1	1	32b	41a	573
595	7	1	1	41b	44	574
595	7	1	2	1	5a	574
596	7	1	2	5b	12a	575
597	7	1	2	12b	20a	576
598	7	1	2	20b	23	577
598	7	2	1	1	4a	577
599	7	2	1	4b	10a	578
600	7	2	1	10b	15	579
601	7	2	1	16	20	580
601	7	2	2	1	4a	580
602	7	2	2	4b	12a	581
603	7	2	2	12b	21a	582
604	7	2	2	21b	21b	583
604	7	2	3	1	7a	583
605	7	2	3	7b	9	584
605	7	2	4	1	8a	584
606	7	2	4	8b	19a	585
607	7	2	4	19b	30a	586
608	7	2	4	30b	30b	587
608	7	3	1	1	8a	587
609	7	3	1	8b	16a	588
610	7	3	1	16b	23a	589
611	7	3	1	23b	29a	590
612	7	3	1	29b	37a	591
613	7	3	1	37b	44a	592
614	7	3	1	44b	47	593
614	7	3	2	1	2a	593
615	7	3	2	2b	9a	594
616	7	3	2	9b	14a	595
617	7	3	2	14b	19	596
617	7	4	1	1	1a	596
618	7	4	1	1b	9a	597
619	7	4	1	9b	14a	598
620	7	4	1	14b	20a	599
621	7	4	1	20b	30a	600
622	7	4	1	30b	36a	601
623	7	4	1	36b	42a	602
624	7	4	1	42b	45	603
624	7	4	2	1	4a	603
625	7	4	2	4b	11a	604
626	7	4	2	11b	17a	605
627	7	4	2	17b	24a	606
628	7	4	2	24b	31a	607
629	7	4	2	31b	40a	608
630	7	4	2	40b	40b	609
630	7	5	1	1	6a	609
631	7	5	1	6b	12a	610
632	7	5	1	12b	21a	611
633	7	5	1	21b	27a	612
634	7	5	1	27b	36a	613
635	7	5	1	36b	38	614
635	7	5	2	1	6a	614
636	7	5	2	6b	12a	615
637	7	5	2	12b	19a	616
638	7	5	2	19b	28a	617
639	7	5	2	28b	34a	618
640	7	5	2	34b	38a	619
641	7	5	2	38b	43a	620
642	7	5	2	43b	55a	621
643	7	5	2	55b	62	622
658	8	1	1	1	5	637
659	8	1	1	6	9	638
659	8	1	2	1	2a	638
660	8	1	2	2b	7a	639
661	8	1	2	7b	11	640
661	8	1	3	1	3a	640
662	8	1	3	3b	9a	641
663	8	1	3	9b	10	642
663	8	1	4	1	4a	642
664	8	1	4	4b	10	643
664	8	2	1	1	2a	643
665	8	2	1	2b	7a	644
666	8	2	1	7b	14	645
667	8	2	1	15	18	646
667	8	2	2	1	4a	646
668	8	2	2	4b	9a	647
669	8	2	2	9b	9b	648
669	8	2	3	1	6a	648
670	8	2	3	6b	14a	649
671	8	2	3	14b	14b	650
671	8	2	4	1	16a	650
672	8	2	4	16b	20	651
672	8	3	1	1	4a	651
673	8	3	1	4b	11a	652
674	8	3	1	11b	14	653
674	8	3	2	1	2a	653
675	8	3	2	2b	10a	654
676	8	3	2	10b	14	655
676	8	3	3	1	5a	655
677	8	3	3	5b	12	656
677	8	3	4	1	1a	656
678	8	3	4	1b	10a	657
679	8	3	4	10b	15	658
679	8	4	1	1	3a	658
680	8	4	1	3b	10a	659
681	8	4	1	10b	16a	660
682	8	4	1	16b	22	661
683	8	4	1	23	28	662
683	8	4	2	1	2a	662
684	8	4	2	2b	9a	663
685	8	4	2	9b	16	664
686	8	4	3	1	10a	665
687	8	4	3	10b	18a	666
688	8	4	3	18b	20	667
688	8	4	4	1	4a	667
689	8	4	4	4b	11a	668
690	8	4	4	11b	12	669
690	8	5	1	1	5a	669
691	8	5	1	5b	13a	670
692	8	5	1	13b	17	671
692	8	5	2	1	4a	671
693	8	5	2	4b	8a	672
694	8	5	2	8b	17a	673
695	8	5	2	17b	17b	674
695	8	5	3	1	7a	674
696	8	5	3	7b	8	675
696	8	5	4	1	7	675
697	8	5	4	8	12	676
697	8	6	1	1	4a	676
698	8	6	1	4b	7a	677
699	8	6	1	7b	12a	678
700	8	6	1	12b	17a	679
701	8	6	1	17b	21a	680
702	8	6	1	21b	23	681
702	8	6	2	1	3a	681
703	8	6	2	3b	13a	682
704	8	6	2	13b	19	683
704	8	6	3	1	1a	683
705	8	6	3	1b	10a	684
706	8	6	3	10b	17	685
707	8	6	3	18	24a	686
708	8	6	3	24b	24b	687
708	8	7	1	1	6a	687
709	8	7	1	6b	13a	688
710	8	7	1	13b	23a	689
711	8	7	1	23b	24	690
711	8	7	2	1	6a	690
712	8	7	2	6b	14a	691
713	8	7	2	14b	19	692
713	8	7	3	1	2a	692
714	8	7	3	2b	9a	693
715	8	7	3	9b	18a	694
716	8	7	3	18b	21	695
716	8	7	4	1	3a	695
717	8	7	4	3b	14a	696
718	8	7	4	14b	21	697
720	9	1	1	1	6a	699
721	9	1	1	6b	15a	700
722	9	1	1	15b	23a	701
723	9	1	1	23b	32a	702
724	9	1	1	32b	41a	703
725	9	1	1	41b	44	704
725	9	1	2	1	2a	704
726	9	1	2	2b	12a	705
727	9	1	2	12b	17	706
728	9	1	2	18	24a	707
729	9	1	2	24b	33a	708
730	9	1	2	33b	40a	709
731	9	1	2	40b	43	710
731	9	2	1	1	7a	710
732	9	2	1	7b	14a	711
733	9	2	1	14b	21a	712
734	9	2	1	21b	23	713
734	9	2	2	1	4a	713
735	9	2	2	4b	7	714
735	9	2	3	1	3a	714
736	9	2	3	3b	9a	715
737	9	2	3	9b	16a	716
738	9	2	3	16b	24a	717
739	9	2	3	24b	31a	718
740	9	2	3	31b	37	719
741	9	2	3	38	43a	720
742	9	2	3	43b	51a	721
743	9	2	3	51b	51b	722
743	9	3	1	1	8a	722
744	9	3	1	8b	19a	723
745	9	3	1	19b	26	724
745	9	3	2	1	2a	724
746	9	3	2	2b	9a	725
747	9	3	2	9b	10	726
747	9	3	3	1	9a	726
748	9	3	3	9b	17a	727
749	9	3	3	17b	19	728
749	9	3	4	1	3a	728
750	9	3	4	3b	10a	729
751	9	3	4	10b	18a	730
752	9	3	4	18b	18b	731
752	9	4	1	1	7a	731
753	9	4	1	7b	13a	732
754	9	4	1	13b	16	733
754	9	4	2	1	5a	733
755	9	4	2	5b	14a	734
756	9	4	2	14b	25a	735
757	9	4	2	25b	28	736
757	9	4	3	1	6a	736
758	9	4	3	6b	11a	737
759	9	4	3	11b	16	738
759	9	4	4	1	3a	738
760	9	4	4	3b	12a	739
761	9	4	4	12b	17	740
761	9	5	1	1	6a	740
762	9	5	1	6b	16a	741
763	9	5	1	16b	25a	742
764	9	5	1	25b	36a	743
765	9	5	1	36b	43a	744
766	9	5	1	43b	52a	745
767	9	5	1	52b	58	746
768	9	5	1	59	68a	747
769	9	5	1	68b	68b	748
769	9	5	2	1	7a	748
770	9	5	2	7b	13a	749
771	9	5	2	13b	16	750
780	10	1	1	1	8a	759
781	10	1	1	8b	11	760
781	10	1	2	1	4a	760
782	10	1	2	4b	9	761
782	10	1	3	1	3a	761
783	10	1	3	3b	11a	762
784	10	1	3	11b	11b	763
784	10	1	4	1	5a	763
785	10	1	4	5b	13a	764
786	10	1	4	13b	14	765
786	10	1	5	1	4a	765
787	10	1	5	4b	4b	766
787	10	2	1	1	8a	766
788	10	2	1	8b	11	767
788	10	2	2	1	5a	767
789	10	2	2	5b	8	768
789	10	2	3	1	5a	768
790	10	2	3	5b	14a	769
791	10	2	3	14b	18	770
791	10	2	4	1	4a	770
792	10	2	4	4b	8	771
792	10	2	5	1	2a	771
793	10	2	5	2b	13a	772
794	10	2	5	13b	16	773
794	10	2	6	1	4a	773
795	10	2	6	4b	12a	774
796	10	2	6	12b	19a	775
797	10	2	6	19b	19b	776
797	10	3	1	1	8a	776
798	10	3	1	8b	9	777
798	10	3	2	1	13	777
798	10	3	3	1	2a	777
799	10	3	3	2b	8	778
799	10	3	4	1	2a	778
800	10	3	4	2b	5	779
800	10	3	5	1	1a	779
801	10	3	5	1b	12a	780
802	10	3	5	12b	16	781
802	10	4	1	1	2a	781
803	10	4	1	2b	10a	782
804	10	4	1	10b	18a	783
805	10	4	1	18b	23	784
805	10	4	2	1	2a	784
806	10	4	2	2b	18a	785
807	10	4	2	18b	27a	786
808	10	4	2	27b	31	787
808	10	4	3	1	2a	787
809	10	4	3	2b	12a	788
810	10	4	3	12b	19a	789
811	10	4	3	19b	24	790
811	10	4	4	1	2a	790
812	10	4	4	2b	5	791
812	10	4	5	1	3a	791
813	10	4	5	3b	3b	792
813	10	5	1	1	5	792
814	10	5	2	1	8a	793
815	10	5	2	8b	15a	794
816	10	5	2	15b	23	795
817	10	5	3	1	5a	796
818	10	5	3	5b	9a	797
819	10	5	3	9b	12	798
819	10	5	4	1	2a	798
820	10	5	4	2b	6a	799
821	10	5	4	6b	10a	800
822	10	5	4	10b	15a	801
823	10	5	4	15b	19	802
823	10	5	5	1	5a	802
824	10	5	5	5b	10	803
824	10	6	1	1	3a	803
825	10	6	1	3b	8a	804
826	10	6	1	8b	11	805
826	10	6	2	1	3a	805
827	10	6	2	3b	11	806
827	10	6	3	1	2	806
828	10	6	4	1	1	807
828	10	6	5	1	4a	807
829	10	6	5	4b	9	808
848	11	1	1	1	7	827
848	11	1	2	1	3a	827
849	11	1	2	3b	13	828
850	11	1	3	1	7	829
851	11	1	4	1	4	830
851	11	1	5	1	4a	830
852	11	1	5	4b	11	831
852	11	1	6	1	2a	831
853	11	1	6	2b	12a	832
854	11	1	6	12b	19	833
855	11	1	6	20	28a	834
856	11	1	6	28b	36	835
856	11	1	7	1	2a	835
857	11	1	7	2b	5	836
857	11	1	8	1	6a	836
858	11	1	8	6b	6b	837
858	11	2	1	1	6	837
858	11	2	2	1	3a	837
859	11	2	2	3b	6	838
859	11	2	3	1	5a	838
860	11	2	3	5b	11	839
860	11	2	4	1	4a	839
861	11	2	4	4b	10	840
861	11	2	5	1	1a	840
862	11	2	5	1b	5	841
862	11	2	6	1	5a	841
863	11	2	6	5b	14a	842
864	11	2	6	14b	14b	843
864	11	2	7	1	11a	843
865	11	2	7	11b	20a	844
866	11	2	7	20b	32a	845
867	11	2	7	32b	33	846
867	11	3	1	1	6a	846
868	11	3	1	6b	8	847
868	11	3	2	1	1	847
868	11	3	3	1	5a	847
869	11	3	3	5b	7	848
869	11	4	1	1	5a	848
870	11	4	1	5b	12a	849
871	11	4	1	12b	16	850
871	11	4	2	1	2a	850
872	11	4	2	2b	13a	851
873	11	4	2	13b	20	852
873	11	4	3	1	1a	852
874	11	4	3	1b	13a	853
875	11	4	3	13b	20	854
875	11	4	4	1	2a	854
876	11	4	4	2b	12	855
876	11	5	1	1	1a	855
877	11	5	1	1b	9a	856
878	11	5	1	9b	17a	857
879	11	5	1	17b	17b	858
879	11	5	2	1	8a	858
880	11	5	2	8b	10	859
880	11	5	3	1	6a	859
881	11	5	3	6b	10a	860
882	11	5	3	10b	13	861
882	11	5	4	1	1a	861
883	11	5	4	1b	8a	862
884	11	5	4	8b	18a	863
885	11	5	4	18b	18b	864
885	11	5	5	1	10a	864
886	11	5	5	10b	13	865
886	11	5	6	1	3	865
887	11	5	6	4	9	866
887	11	5	7	1	1a	866
888	11	5	7	1b	10	867
888	11	5	8	1	1a	867
889	11	5	8	1b	7	868
889	11	5	9	1	4a	868
890	11	5	9	4b	11a	869
891	11	5	9	11b	12	870
891	11	6	1	1	5a	870
892	11	6	1	5b	12	871
893	11	6	1	13	13	872
893	11	6	2	1	5a	872
894	11	6	2	5b	10	873
894	11	6	3	1	4a	873
895	11	6	3	4b	11	874
896	11	7	1	1	3	875
896	11	7	2	1	5a	875
897	11	7	2	5b	8	876
897	11	7	3	1	3	876
898	11	7	4	1	4	877
898	11	8	1	1	3a	877
899	11	8	1	3b	3b	878
899	11	8	2	1	1	878
899	11	8	3	1	5a	878
900	11	8	3	5b	11	879
900	11	8	4	1	2a	879
901	11	8	4	2b	14	880
921	12	1	1	1	6a	900
922	12	1	1	6b	11	901
922	12	1	2	1	3a	901
923	12	1	2	3b	3b	902
923	12	1	3	1	15	902
924	12	1	3	16	23	903
924	12	1	4	1	2a	903
925	12	1	4	2b	3	904
925	12	2	1	1	7a	904
926	12	2	1	7b	9	905
926	12	2	2	1	6a	905
927	12	2	2	6b	17a	906
928	12	2	2	17b	23	907
928	12	2	3	1	4a	907
929	12	2	3	4b	10a	908
930	12	2	3	10b	13	909
930	12	2	4	1	5a	909
931	12	2	4	5b	16	910
932	12	3	1	1	9	911
932	12	3	2	1	2a	911
933	12	3	2	2b	8	912
933	12	3	3	1	2a	912
934	12	3	3	2b	14a	913
935	12	3	3	14b	14b	914
935	12	3	4	1	11	914
936	12	3	5	1	13a	915
937	12	3	5	13b	13b	916
937	12	4	1	1	6a	916
938	12	4	1	6b	10a	917
939	12	4	1	10b	12	918
939	12	4	2	1	3a	918
940	12	4	2	3b	9a	919
941	12	4	2	9b	10	920
941	12	4	3	1	4a	920
942	12	4	3	4b	10	921
942	12	4	4	1	1a	921
943	12	4	4	1b	4a	922
944	12	4	4	4b	7a	923
945	12	4	4	7b	7b	924
945	12	5	1	1	7a	924
946	12	5	1	7b	17a	925
947	12	5	1	17b	17b	926
947	12	5	2	1	7a	926
948	12	5	2	7b	15	927
948	12	6	1	1	2a	927
949	12	6	1	2b	20a	928
950	12	6	1	20b	37a	929
951	12	6	1	37b	41	930
951	12	7	1	1	5a	930
952	12	7	1	5b	14a	931
953	12	7	1	14b	14b	932
953	12	7	2	1	9a	932
954	12	7	2	9b	17a	933
955	12	7	2	17b	21	934
955	12	7	3	1	5a	934
956	12	7	3	5b	12a	935
957	12	7	3	12b	20a	936
958	12	7	3	20b	22	937
958	12	8	1	1	2a	937
959	12	8	1	2b	8a	938
960	12	8	1	8b	20a	939
961	12	8	1	20b	22	940
961	12	8	2	1	3a	940
962	12	8	2	3b	13a	941
963	12	8	2	13b	24a	942
964	12	8	2	24b	34	943
965	12	8	2	35	36	944
965	12	8	3	1	6a	944
966	12	8	3	6b	15a	945
967	12	8	3	15b	22a	946
968	12	8	3	22b	30a	947
969	12	8	3	30b	31	948
969	12	9	1	1	5a	948
970	12	9	1	5b	12a	949
971	12	9	1	12b	17	950
971	12	9	2	1	3a	950
972	12	9	2	3b	10a	951
973	12	9	2	10b	12	952
973	12	9	3	1	6a	952
974	12	9	3	6b	13a	953
975	12	9	3	13b	16	954
978	13	1	1	1	4	957
978	13	1	2	1	3a	957
979	13	1	2	3b	9	958
979	13	1	3	1	1a	958
980	13	1	3	1b	8a	959
981	13	1	3	8b	8b	960
981	13	1	4	1	3	960
981	13	1	5	1	4a	960
982	13	1	5	4b	6	961
982	13	1	6	1	3a	961
983	13	1	6	3b	3b	962
983	13	1	7	1	4	962
983	13	1	8	1	3a	962
984	13	1	8	3b	8	963
984	13	1	9	1	10a	963
985	13	1	9	10b	10b	964
985	13	2	1	1	7	964
986	13	2	2	1	14a	965
987	13	2	2	14b	19	966
987	13	2	3	1	2a	966
988	13	2	3	2b	2b	967
988	13	2	4	1	4	967
988	13	2	5	1	2a	967
989	13	2	5	2b	4	968
989	13	2	6	1	7a	968
990	13	2	6	7b	17	969
990	13	2	7	1	1a	969
991	13	2	7	1b	13a	970
992	13	2	7	13b	15	971
992	13	2	8	1	5a	971
993	13	2	8	5b	5b	972
993	13	2	9	1	9	972
993	13	2	10	1	3a	972
994	13	2	10	3b	3b	973
994	13	2	11	1	3	973
994	13	3	1	1	4	973
994	13	3	2	1	1a	973
995	13	3	2	1b	3	974
995	13	3	3	1	7a	974
996	13	3	3	7b	10	975
996	13	3	4	1	3a	975
997	13	3	4	3b	5	976
997	13	3	5	1	4	976
997	13	3	6	1	4a	976
998	13	3	6	4b	7	977
998	13	3	7	1	7a	977
999	13	3	7	7b	12	978
999	13	3	8	1	6a	978
1000	13	3	8	6b	6b	979
1000	13	4	1	1	9a	979
1001	13	4	1	9b	15a	980
1002	13	4	1	15b	15b	981
1002	13	4	2	1	6a	981
1003	13	4	2	6b	15a	982
1004	13	4	2	15b	17	983
1004	13	4	3	1	3a	983
1005	13	4	3	3b	9a	984
1006	13	4	3	9b	15a	985
1007	13	4	3	15b	15b	986
1007	13	4	4	1	6a	986
1008	13	4	4	6b	11	987
1008	13	5	1	1	2a	987
1009	13	5	1	2b	9a	988
1010	13	5	1	9b	15a	989
1011	13	5	1	15b	18	990
1011	13	5	2	1	4a	990
1012	13	5	2	4b	12a	991
1013	13	5	2	12b	23	992
1013	13	5	3	1	2a	992
1014	13	5	3	2b	11a	993
1015	13	5	3	11b	11b	994
1015	13	5	4	1	7a	994
1016	13	5	4	7b	17a	995
1017	13	5	4	17b	28a	996
1018	13	5	4	28b	28b	997
1018	13	6	1	1	6	997
1019	13	6	1	7	11	998
1019	13	6	2	1	2a	998
1020	13	6	2	2b	12a	999
1021	13	6	2	12b	20	1000
1021	13	7	1	1	1a	1000
1022	13	7	1	1b	12a	1001
1023	13	7	1	12b	15	1002
1023	13	8	1	1	5a	1002
1024	13	8	1	5b	13a	1003
1025	13	8	1	13b	20	1004
1025	13	8	2	1	2a	1004
1026	13	8	2	2b	9	1005
1026	13	8	3	1	1a	1005
1027	13	8	3	1b	9a	1006
1028	13	8	3	9b	13	1007
1028	13	8	4	1	5a	1007
1029	13	8	4	5b	12	1008
1042	14	1	1	1	11	1021
1043	14	1	1	12	24a	1022
1044	14	1	1	24b	33a	1023
1045	14	1	1	33b	33b	1024
1045	14	1	2	1	9a	1024
1046	14	1	2	9b	15a	1025
1047	14	1	2	15b	21a	1026
1048	14	1	2	21b	26	1027
1048	14	1	3	1	2a	1027
1049	14	1	3	2b	13a	1028
1050	14	1	3	13b	21a	1029
1051	14	1	3	21b	30a	1030
1052	14	1	3	30b	33	1031
1052	14	1	4	1	7a	1031
1053	14	1	4	7b	16	1032
1054	14	2	1	1	13a	1033
1055	14	2	1	13b	21a	1034
1056	14	2	1	21b	21b	1035
1056	14	2	2	1	7a	1035
1057	14	2	2	7b	16a	1036
1058	14	2	2	16b	27a	1037
1059	14	2	2	27b	38a	1038
1060	14	2	2	38b	47a	1039
1061	14	2	2	47b	55	1040
1061	14	3	1	1	2a	1040
1062	14	3	1	2b	12a	1041
1063	14	3	1	12b	22a	1042
1064	14	3	1	22b	29a	1043
1065	14	3	1	29b	35	1044
1065	14	3	2	1	2a	1044
1066	14	3	2	2b	19a	1045
1067	14	3	2	19b	27a	1046
1068	14	3	2	27b	31	1047
1068	14	4	1	1	4a	1047
1069	14	4	1	4b	12a	1048
1070	14	4	1	12b	24a	1049
1071	14	4	1	24b	33	1050
1071	14	4	2	1	1a	1050
1072	14	4	2	1b	15a	1051
1073	14	4	2	15b	23a	1052
1074	14	4	2	23b	29a	1053
1075	14	4	2	29b	31	1054
1075	14	4	3	1	6a	1054
1076	14	4	3	6b	19a	1055
1077	14	4	3	19b	27a	1056
1078	14	4	3	27b	34a	1057
1079	14	4	3	34b	34b	1058
1079	14	4	4	1	3	1058
1079	14	5	1	1	4a	1058
1080	14	5	1	4b	11a	1059
1081	14	5	1	11b	21a	1060
1082	14	5	1	21b	23	1061
1082	14	5	2	1	6	1061
1083	14	5	3	1	11	1062
1083	14	5	4	1	4a	1062
1084	14	5	4	4b	9a	1063
1085	14	5	4	9b	16	1064
1085	14	5	5	1	1a	1064
1086	14	5	5	1b	12a	1065
1087	14	5	5	12b	20a	1066
1088	14	5	5	20b	22	1067
1088	14	6	1	1	1a	1067
1089	14	6	1	1b	9a	1068
1090	14	6	1	9b	12	1069
1090	14	6	2	1	7a	1069
1091	14	6	2	7b	14	1070
1091	14	6	3	1	2a	1070
1092	14	6	3	2b	2b	1071
1092	14	6	4	1	1	1071
1092	14	6	5	1	1a	1071
1093	14	6	5	1b	1b	1072
1093	14	6	6	1	1	1072
1093	14	6	7	1	2a	1072
1094	14	6	7	2b	14a	1073
1095	14	6	7	14b	31	1074
1096	14	6	8	1	9a	1075
1097	14	6	8	9b	12	1076
1097	14	6	9	1	4a	1076
1098	14	6	9	4b	14a	1077
1099	14	6	9	14b	23a	1078
1100	14	6	9	23b	30a	1079
1101	14	6	9	30b	35	1080
1101	14	6	10	1	5a	1080
1102	14	6	10	5b	13a	1081
1103	14	6	10	13b	19	1082
1103	14	6	11	1	2a	1082
1104	14	6	11	2b	6	1083
1104	14	7	1	1	3a	1083
1105	14	7	1	3b	12a	1084
1106	14	7	1	12b	21a	1085
1107	14	7	1	21b	31a	1086
1108	14	7	1	31b	42a	1087
1109	14	7	1	42b	44	1088
1109	14	7	2	1	6a	1088
1110	14	7	2	6b	17a	1089
1111	14	7	2	17b	27a	1090
1112	14	7	2	27b	31	1091
1112	14	7	3	1	5a	1091
1113	14	7	3	5b	18a	1092
1114	14	7	3	18b	28a	1093
1115	14	7	3	28b	28b	1094
1115	14	8	1	1	1	1094
1115	14	8	2	1	4	1094
1116	14	8	3	1	1	1095
1116	14	8	4	1	1	1095
1116	14	8	5	1	1	1095
1116	14	8	6	1	5a	1095
1117	14	8	6	5b	5b	1096
1117	14	8	7	1	1	1096
1117	14	8	8	1	1	1096
1117	14	8	9	1	1	1096
1117	14	8	10	1	1	1096
1117	14	8	11	1	1	1096
1117	14	8	12	1	1a	1096
1118	14	8	12	1b	1b	1097
1118	14	8	13	1	3	1097
1118	14	8	14	1	4	1097
1118	14	8	15	1	2a	1097
1119	14	8	15	2b	11a	1098
1120	14	8	15	11b	12	1099
1120	14	9	1	1	7a	1099
1121	14	9	1	7b	17a	1100
1122	14	9	1	17b	19	1101
1122	14	9	2	1	5a	1101
1123	14	9	2	5b	14a	1102
1124	14	9	2	14b	15	1103
1124	14	9	3	1	7a	1103
1125	14	9	3	7b	20a	1104
1126	14	9	3	20b	22	1105
1126	14	9	4	1	7a	1105
1127	14	9	4	7b	15a	1106
1128	14	9	4	15b	23a	1107
1129	14	9	4	23b	31a	1108
1130	14	9	4	31b	33	1109
