volume	page	from v.	to v.	ipage
II	7	1661	1665	1
II	8	1666	1671	2
II	9	1672	1675	3
II	10	1676	1681	4
II	11	1682	1687	5
II	12	1688	1692	6
II	13	1693	1697	7
II	14	1698	1704	8
II	15	1705	1710	9
II	16	1711	1715	10
II	17	1716	1720	11
II	18	1721	1725	12
II	19	1726	1730	13
II	20	1731	1736	14
II	21	1737	1742	15
II	22	1743	1749	16
II	23	1750	1752	17
II	24	1753	1756	18
II	25	1757	1760	19
II	26	1761	1765	20
II	27	1766	1770	21
II	28	1771	1774	22
II	29	1775	1780	23
II	30	1781	1785	24
II	31	1786	1790	25
II	32	1791	1796	26
II	33	1797	1801	27
II	34	1802	1807	28
II	35	1808	1812	29
II	36	1813	1819a	30
II	37	1819b	1824	31
II	38	1825	1829	32
II	39	1830	1835	33
II	40	1836	1840	34
II	41	1841	1846	35
II	42	1847	1851	36
II	43	1852	1857	37
II	44	1858	1861	38
II	45	1862	1868	39
II	46	1869	1874	40
II	47	1875	1879	41
II	48	1880	1883	42
II	49	1884	1888	43
II	50	1889	1893	44
II	51	1894	1897	45
II	52	1898	1903	46
II	53	1904	1909	47
II	54	1910	1913	48
II	55	1914	1919	49
II	56	1920	1923	50
II	57	1924	1928	51
II	58	1929	1934	52
II	59	1935	1940	53
II	60	1941	1947	54
II	61	1948	1953	55
II	62	1954	1958	56
II	63	1959	1963	57
II	64	1964	1969	58
II	65	1970	1972	59
II	66	1973	1977a	60
II	67	1977b	1983	61
II	68	1984	1988	62
II	69	1989	1992	63
II	70	1993	1995	64
II	71	1996	2001	65
II	72	2002	2006	66
II	73	2007	2012	67
II	74	2013	2016	68
II	75	2017	2022	69
II	76	2023	2028	70
II	77	2029	2034	71
II	78	2035	2040	72
II	79	2041	2044	73
II	80	2045	2047	74
II	81	2048	2053	75
II	82	2054	2057	76
II	83	2058	2062	77
II	84	2063	2068	78
II	85	2069	2072	79
II	86	2073	2075	80
II	87	2076	2079	81
II	88	2080	2084	82
II	89	2085	2087	83
II	90	2088	2092	84
II	91	2093	2098	85
II	92	2099	2105	86
II	93	2106	2111	87
II	94	2112	2117	88
II	95	2118	2122	89
II	96	2123	2128	90
II	97	2129	2133	91
II	98	2134	2138	92
II	99	2139	2145	93
II	100	2146	2151	94
II	101	2152	2157	95
II	102	2158	2162	96
II	103	2163	2165	97
II	104	2166	2172a	98
II	105	2172b	2176	99
II	106	2177	2180	100
II	107	2181	2185	101
II	108	2186	2190	102
II	109	2191	2196	103
II	110	2197	2201a	104
II	111	2201b	2207	105
II	112	2208	2212	106
II	113	2213	2216	107
II	114	2217	2222a	108
II	115	2222b	2226	109
II	116	2227	2231	110
II	117	2232	2238	111
II	118	2239	2244	112
II	119	2245	2249	113
II	120	2250	2255	114
II	121	2256	2259	115
II	122	2260	2265	116
II	123	2266	2271	117
II	124	2272	2277	118
II	125	2278	2280	119
II	126	2281	2287	120
II	127	2288	2293	121
II	128	2294	2298	122
II	129	2299	2303	123
II	130	2304	2310	124
II	131	2311	2316	125
II	132	2317	2322	126
II	133	2323	2328	127
II	134	2329	2334	128
II	135	2335	2340	129
II	136	2341	2346	130
II	137	2347	2351	131
II	138	2352	2356	132
II	139	2357	2361	133
II	140	2362	2367	134
II	141	2368	2373	135
II	142	2374	2379	136
II	143	2380	2385	137
II	144	2386	2389	138
II	145	2390	2394	139
II	146	2395	2399	140
II	147	2400	2405	141
II	148	2406	2412	142
II	149	2413	2418	143
II	150	2419	2424a	144
II	151	2424b	2429	145
II	152	2430	2436	146
II	153	2437	2442	147
II	154	2443	2448	148
II	155	2449	2455	149
II	156	2456	2459	150
II	157	2460	2463	151
II	158	2464	2470	152
II	159	2471	2476	153
II	160	2477	2482	154
II	161	2483	2487	155
II	162	2488	2493	156
II	163	2494	2499	157
II	164	2500	2506	158
II	165	2507	2511	159
II	166	2512	2516	160
II	167	2517	2520	161
II	168	2521	2525	162
II	169	2526	2529	163
II	170	2530	2535	164
II	171	2536	2541	165
II	172	2542	2546	166
II	173	2547	2552	167
II	174	2553	2559	168
II	175	2560	2565	169
II	176	2566	2571	170
II	177	2572	2577	171
II	178	2578	2582	172
II	179	2583	2587	173
II	180	2588	2590	174
II	181	2591	2595	175
II	182	2596	2600	176
II	183	2601	2605	177
II	184	2606	2611	178
II	185	2612	2616	179
II	186	2617	2622	180
II	187	2623	2627	181
II	188	2628	2630	182
II	189	2631	2635	183
II	190	2636	2640	184
II	191	2641	2643	185
II	192	2644	2649	186
II	193	2650	2654	187
II	194	2655	2659	188
II	195	2660	2663	189
II	196	2664	2669	190
II	197	2670	2673	191
II	198	2674	2678	192
II	199	2679	2684	193
II	200	2685	2689	194
II	201	2690	2694	195
II	202	2695	2699	196
II	203	2700	2705	197
II	204	2706	2711	198
II	205	2712	2717	199
II	206	2718	2722	200
II	207	2723	2727	201
II	208	2728	2732	202
II	209	2733	2737	203
II	210	2738	2742	204
II	211	2743	2748	205
II	212	2749	2753	206
II	213	2754	2759	207
II	214	2760	2764	208
II	215	2765	2769	209
II	216	2770	2773	210
II	217	2774	2777	211
II	218	2778	2781	212
II	219	2782	2785	213
II	220	2786	2789	214
II	221	2790	2795	215
II	222	2796	2799	216
II	223	2800	2803	217
II	224	2804	2811	218
II	225	2812	2818	219
II	226	2819	2823	220
II	227	2824	2828	221
II	228	2829	2832	222
II	229	2833	2838	223
II	230	2839	2843	224
II	231	2844	2848	225
II	232	2849	2854	226
II	233	2855	2859	227
II	234	2860	2865	228
II	235	2866	2871	229
II	236	2872	2876	230
II	237	2877	2880a	231
II	238	2880b	2885	232
II	239	2886	2890	233
II	240	2891	2895	234
II	241	2896	2899	235
II	242	2900	2905	236
II	243	2906	2912	237
II	244	2913	2918	238
II	245	2919	2922	239
II	246	2923	2927	240
II	247	2928	2930	241
II	248	2931	2935	242
II	249	2936	2941	243
II	250	2942	2948	244
II	251	2949	2954	245
II	252	2955	2959	246
II	253	2960	2965	247
II	254	2966	2971	248
II	255	2972	2976	249
II	256	2977	2979	250
II	257	2980	2983	251
II	258	2984	2989	252
II	259	2990	2994	253
II	260	2995	2999	254
II	261	3000	3004	255
II	262	3005	3010	256
II	263	3011	3015	257
II	264	3016	3019	258
II	265	3020	3024	259
II	266	3025	3031	260
II	267	3032	3036	261
II	268	3037	3072	262
II	269	3073	3077	263
II	270	3078	3052	264
II	271	3053	3056	265
II	272	3057	3062	266
II	273	3063	3068	267
II	274	3069	3075	268
II	275	3076	3080	269
II	276	3081	3085	270
II	277	3086	3090	271
II	278	3091	3096	272
II	279	3097	3101	273
II	280	3102	3106	274
II	281	3107	3113	275
II	282	3114	3120	276
II	283	3121	3125	277
II	284	3126	3131	278
II	285	3132	3136	279
II	286	3137	3142	280
II	287	3143	3147	281
II	288	3148	3152	282
II	289	3153	3157	283
II	290	3158	3162	284
II	291	3163	3167	285
II	292	3168	3172	286
II	293	3173	3178	287
II	294	3179	3182	288
II	295	3183	3189	289
II	296	3190	3194	290
II	297	3195	3199	291
II	298	3200	3205	292
II	299	3206	3210	293
II	300	3211	3217	294
II	301	3218	3222	295
II	302	3223	3227	296
II	303	3228	3233	297
II	304	3234	3238	298
II	305	3239	3244	299
II	306	3245	3248	300
II	307	3249	3253	301
II	308	3254	3258	302
II	309	3259	3264	303
II	310	3265	3269	304
II	311	3270	3274	305
II	312	3275	3280	306
II	313	3281	3286	307
II	314	3287	3290	308
II	315	3291	3296	309
II	316	3297	3301	310
II	317	3302	3306	311
II	318	3307	3311a	312
II	319	3311b	3314	313
II	320	3315	3317	314
II	321	3318	3322	315
II	322	3323	3327	316
II	323	3328	3333	317
II	324	3334	3338	318
II	325	3339	3344	319
II	326	3345	3348	320
II	327	3349	3355	321
II	328	3356	3359	322
