volume 	page 	from v. to v. 	ipage
I       12      1       5       1
I       13      6       11      2
I       14      12      17      3
I       15      18      22      4
I       16      23      27      5
I       17      28      32      6
I       18      33      37a     7
I       19      37b     43      8
I       20      44      48      9
I       21      49      54      10
I       22      55      59      11
I       23      60      65      12
I       24      66      70      13
I       25      71      76      14
I       26      77      82      15
I       27      83      87      16
I       28      88      94      17
I       29      95      99      18
I       30      100     106     19
I       31      107     113     20
I       32      114     118     21
I       33      119     124     22
I       34      125     131     23
I       35      132     137     24
I       36      138     143     25
I       37      144     149     26
I       38      150     155     27
I       39      156     162     28
I       40      163     168     29
I       41      169     174     30
I       42      175     180     31
I       43      181     187     32
I       44      188     193     33
I       45      194     198     34
I       46      199     204     35
I       47      205     210     36
I       48      211     216     37
I       49      217     220     38
I       50      221     225     39
I       51      226     230     40
I       52      231     236     41
I       53      237     241     42
I       54      242     247     43
I       55      248     253     44
I       56      254     259     45
I       57      260     265     46
I       58      266     272     47
I       59      273     278     48
I       60      279     283     49
I       61      284     289     50
I       62      290     294     51
I       63      295     300     52
I       64      301     306     53
I       65      307     311     54
I       66      312     317     55
I       67      318     323     56
I       68      324     329     57
I       69      330     335     58
I       70      336     340     59
I       71      341     344     60
I       72      345     349     61
I       73      350     355     62
I       74      356     362     63
I       75      363     368     64
I       76      369     374     65
I       77      375     378     66
I       78      379     384     67
I       79      385     390     68
I       80      391     394     69
I       81      395     398     70
I       82      399     404     71
I       83      405     408     72
I       84      409     413     73
I       85      414     419     74
I       86      420     424     75
I       87      425     429     76
I       88      430     435     77
I       89      436     439     78
I       90      440     444     79
I       91      445     450     80
I       92      451     457     81
I       93      458     462     82
I       94      463     468     83
I       95      469     472     84
I       96      473     478     85
I       97      479     484     86
I       98      485     490     87
I       99      491     495     88
I       100     496     501     89
I       101     502     507     90
I       102     508     513     91
I       103     514     519     92
I       104     520     525     93
I       105     526     530     94
I       106     531     535     95
I       107     536     541     96
I       108     542     547     97
I       109     548     554     98
I       110     555     560     99
I       111     561     565     100
I       112     566     571     101
I       113     572     575     102
I       114     576     580     103
I       115     581     584     104
I       116     585     589     105
I       117     590     594     106
I       118     595     599     107
I       119     600     605     108
I       120     606     611     109
I       121     612     617     110
I       122     618     622     111
I       123     623     629     112
I       124     630     633     113
I       125     634     636     114
I       126     637     641     115
I       127     642     647     116
I       128     648     652     117
I       129     653     658     118
I       130     659     662     119
I       131     663     665     120
I       132     666     670     121
I       133     671     675     122
I       134     676     680     123
I       135     681     685     124
I       136     686     689     125
I       137     690     695     126
I       138     696     701a    127
I       139     701b    707     128
I       140     708     711     129
I       141     712     718     130
I       142     719     724     131
I       143     725     728     132
I       144     729     733     133
I       145     734     738     134
I       146     739     743     135
I       147     744     749     136
I       148     750     754     137
I       149     755     757     138
I       150     758     761     139
I       151     762     767     140
I       152     768     772     141
I       153     773     776     142
I       154     777     781     143
I       155     782     785     144
I       156     786     789     145
I       157     790     793     146
I       158     794     797     147
I       159     798     802     148
I       160     803     807     149
I       161     808     812     150
I       162     813     817     151
I       163     818     822     152
I       164     823     829     153
I       165     830     832     154
I       166     833     838     155
I       167     839     844     156
I       168     845     851     157
I       169     852     856     158
I       170     857     861     159
I       171     862     867     160
I       172     868     873     161
I       173     874     877     162
I       174     878     883     163
I       175     884     888     164
I       176     889     893     165
I       177     894     900     166
I       178     901     905     167
I       179     906     911     168
I       180     912     917     169
I       181     918     920     170
I       182     921     924     171
I       183     925     929     172
I       184     930     935     173
I       185     936     940     174
I       186     941     946     175
I       187     947     952     176
I       188     953     956     177
I       189     957     962     178
I       190     963     967     179
I       191     968     972     180
I       192     973     976     181
I       193     977     982     182
I       194     983     988     183
I       195     989     994     184
I       196     995     998     185
I       197     999     1004    186
I       198     1005    1011    187
I       199     1012    1016    188
I       200     1017    1021    189
I       201     1022    1027    190
I       202     1028    1033    191
I       203     1034    1039    192
I       204     1040    1045    193
I       205     1046    1050    194
I       206     1051    1054    195
I       207     1055    1061    196
I       208     1062    1066    197
I       209     1067    1072    198
I       210     1073    1078a   199
I       211     1078b   1081    200
I       212     1082    1087    201
I       213     1088    1093    202
I       214     1094    1097    203
I       215     1098    1102    204
I       216     1103    1108    205
I       217     1109    1113    206
I       218     1114    1121    207
I       219     1122    1126    208
I       220     1127    1132    209
I       221     1133    1137    210
I       222     1138    1142    211
I       223     1143    1146    212
I       224     1147    1152    213
I       225     1153    1157    214
I       226     1158    1162    215
I       227     1163    1166    216
I       228     1167    1170    217
I       229     1171    1175    218
I       230     1176    1180    219
I       231     1181    1185    220
I       232     1186    1191    221
I       233     1192    1196    222
I       234     1197    1203    223
I       235     1204    1209    224
I       236     1210    1215    225
I       237     1216    1219    226
I       238     1220    1225    227
I       239     1226    1230    228
I       240     1231    1234    229
I       241     1235    1239    230
I       242     1240    1244    231
I       243     1245    1250    232
I       244     1251    1255    233
I       245     1256    1260    234
I       246     1261    1265    235
I       247     1266    1271    236
I       248     1272    1278    237
I       249     1279    1285    238
I       250     1286    1290    239
I       251     1291    1297    240
I       252     1298    1303    241
I       253     1304    1307    242
I       254     1308    1313    243
I       255     1314    1317    244
I       256     1318    1323    245
I       257     1324    1329    246
I       258     1330    1335    247
I       259     1336    1339    248
I       260     1340    1345    249
I       261     1346    1352    250
I       262     1353    1358    251
I       263     1359    1364    252
I       264     1365    1369    253
I       265     1370    1375    254
I       266     1376    1381    255
I       267     1382    1388    256
I       268     1389    1394    257
I       269     1395    1400    258
I       270     1401    1405    259
I       271     1406    1410    260
I       272     1411    1415    261
I       273     1416    1421    262
I       274     1422    1426    263
I       275     1427    1431    264
I       276     1432    1435    265
I       277     1436    1442    266
I       278     1443    1447    267
I       279     1448    1453    268
I       280     1454    1460    269
I       281     1461    1466    270
I       282     1467    1471    271
I       283     1472    1478    272
I       284     1479    1484    273
I       285     1485    1489    274
I       286     1490    1494    275
I       287     1495    1500    276
I       288     1501    1506    277
I       289     1507    1513    278
I       290     1514    1518    279
I       291     1519    1523    280
I       292     1524    1528    281
I       293     1529    1533    282
I       294     1534    1540    283
I       295     1541    1545    284
I       296     1546    1550    285
I       297     1551    1555    286
I       298     1556    1560    287
I       299     1561    1566    288
I       300     1567    1572    289
I       301     1573    1579a   290
I       302     1579b   1584    291
I       303     1585    1589    292
I       304     1590    1595    293
I       305     1596    1602a   294
I       306     1602b   1608    295
I       307     1609    1614    296
I       308     1615    1619    297
I       309     1620    1625    298
I       310     1626    1629    299
I       311     1630    1634    300
I       312     1635    1639    301
I       313     1640    1644    302
I       314     1645    1649    303
I       315     1650    1654    304
I       316     1655    1660    305
