volume 	page 	from v. 	to v. 	ipage
III	11	3360	3365	1
III	12	3366	3372	2
III	13	3373	3378	3
III	14	3379	3386	4
III	15	3387	3391	5
III	16	3392	3397	6
III	17	3398	3402	7
III	18	3403	3409	8
III	19	3410	3415	9
III	20	3416	3421	10
III	21	3422	3427	11
III	22	3428	3432	12
III	23	3433	3438	13
III	24	3439	3444	14
III	25	3445	3450	15
III	26	3451	3456	16
III	27	3457	3462	17
III	28	3463	3469	18
III	29	3470	3476	19
III	30	3477	3482	20
III	31	3483	3487	21
III	32	3488	3493	22
III	33	3494	3500	23
III	34	3501	3505	24
III	35	3506	3511	25
III	36	3512	3516	26
III	37	3517	3522	27
III	38	3523	3526	28
III	39	3527	3532	29
III	40	3533	3538	30
III	41	3539	3545	31
III	42	3546	3551	32
III	43	3552	3556	33
III	44	3557	3562	34
III	45	3563	3568	35
III	46	3569	3572	36
III	47	3573	3577	37
III	48	3578	3583	38
III	49	3584	3588	39
III	50	3589	3594	40
III	51	3595	3600	41
III	52	3601	3606	42
III	53	3607	3613	43
III	54	3614	3619	44
III	55	3620	3626	45
III	56	3627	3632	46
III	57	3633	3638	47
III	58	3639	3644	48
III	59	3645	3649	49
III	60	3650	3655	50
III	61	3656	3661	51
III	62	3662	3666	52
III	63	3667	3672	53
III	64	3673	3678	54
III	65	3679	3683	55
III	66	3684	3689	56
III	67	3690	3695	57
III	68	3696	3701	58
III	69	3702	3707	59
III	70	3708	3713	60
III	71	3714	3719	61
III	72	3720	3725	62
III	73	3726	3731	63
III	74	3732	3737	64
III	75	3738	3742	65
III	76	3743	3748	66
III	77	3749	3753	67
III	78	3754	3757	68
III	79	3758	3763	69
III	80	3764	3768	70
III	81	3769	3775	71
III	82	3776	3781	72
III	83	3782	3787	73
III	84	3788	3793	74
III	85	3794	3798	75
III	86	3799	3804	76
III	87	3805	3809	77
III	88	3810	3814	78
III	89	3815	3820	79
III	90	3821	3825	80
III	91	3826	3831	81
III	92	3832	3837	82
III	93	3838	3841	83
III	94	3842	3844	84
III	95	3845	3849	85
III	96	3850	3855	86
III	97	3856	3860	87
III	98	3861	3865	88
III	99	3866	3870	89
III	100	3871	3876	90
III	101	3877	3882	91
III	102	3883	3888	92
III	103	3889	3892	93
III	104	3893	3898	94
III	105	3899	3904	95
III	106	3905	3910	96
III	107	3911	3916	97
III	108	3917	3921	98
III	109	3922	3928	99
III	110	3929	3932	100
III	111	3933	3937	101
III	112	3938	3942	102
III	113	3943	3947	103
III	114	3948	3952	104
III	115	3953	3958	105
III	116	3959	3964	106
III	117	3965	3970	107
III	118	3971	3977	108
III	119	3978	3982	109
III	120	3983	3988	110
III	121	3989	3993	111
III	122	3994	3997	112
III	123	3998	4003	113
III	124	4004	4009	114
III	125	4010	4015	115
III	126	4016	4021	116
III	127	4022	4027	117
III	128	4028	4033	118
III	129	4034	4039	119
III	130	4040	4045	120
III	131	4046	4051	121
III	132	4052	4055	122
III	133	4056	4060	123
III	134	4061	4066	124
III	135	4067	4071	125
III	136	4072	4077	126
III	137	4078	4080	127
III	138	4081	4087	128
III	139	4088	4093	129
III	140	4094	4098	130
III	141	4099	4103	131
III	142	4104	4108	132
III	143	4109	4113	133
III	144	4114	4120	134
III	145	4121	4126	135
III	146	4127	4131	136
III	147	4132	4135	137
III	148	4136	4140	138
III	149	4141	4146	139
III	150	4147	4152	140
III	151	4153	4158	141
III	152	4159	4163	142
III	153	4164	4169	143
III	154	4170	4174	144
III	155	4175	4180	145
III	156	4181	4186	146
III	157	4187	4192	147
III	158	4193	4199	148
III	159	4200	4205	149
III	160	4206	4210	150
III	161	4211	4216	151
III	162	4217	4222	152
III	163	4223	4228	153
III	164	4229	4234	154
III	165	4235	4239	155
III	166	4240	4246	156
III	167	4247	4253	157
III	168	4254	4258	158
III	169	4259	4264	159
III	170	4265	4268	160
III	171	4269	4273	161
III	172	4274	4278	162
III	173	4279	4284	163
III	174	4285	4289	164
III	175	4290	4295	165
III	176	4296	4301	166
III	177	4302	4306	167
III	178	4307	4311	168
III	179	4312	4318	169
III	180	4319	4324	170
III	181	4325	4330	171
III	182	4331	4336	172
III	183	4337	4342	173
III	184	4343	4348	174
III	185	4349	4354	175
III	186	4355	4361	176
III	187	4362	4368	177
III	188	4369	4374	178
III	189	4375	4380	179
III	190	4381	4387	180
III	191	4388	4393	181
III	192	4394	4399	182
III	193	4400	4405	183
III	194	4406	4411	184
III	195	4412	4417	185
III	196	4418	4423	186
III	197	4424	4429	187
III	198	4430	4436	188
III	199	4437	4441	189
III	200	4442	4447	190
III	201	4448	4454	191
III	202	4455	4460	192
III	203	4461	4465	193
III	204	4466	4471	194
III	205	4472	4476	195
III	206	4477	4483	196
III	207	4484	4488	197
III	208	4489	4493	198
III	209	4494	4499	199
III	210	4500	4506	200
III	211	4507	4512	201
III	212	4513	4517	202
III	213	4518	4523	203
III	214	4524	4530	204
III	215	4531	4535	205
III	216	4536	4541	206
III	217	4542	4545	207
III	218	4546	4552	208
III	219	4553	4559	209
III	220	4560	4564	210
III	221	4565	4569	211
III	222	4570	4575	212
III	223	4576	4581	213
III	224	4582	4587	214
III	225	4588	4593	215
III	226	4594	4599	216
III	227	4600	4604	217
III	228	4605	4609	218
III	229	4610	4616	219
III	230	4617	4621	220
III	231	4622	4627	221
III	232	4628	4633	222
III	233	4634	4639	223
III	234	4640	4646	224
III	235	4647	4651	225
III	236	4652	4657	226
III	237	4658	4663	227
III	238	4664	4668	228
III	239	4669	4673	229
III	240	4674	4679	230
III	241	4680	4684	231
III	242	4685	4690	232
III	243	4691	4696	233
III	244	4697	4702	234
III	245	4703	4707	235
III	246	4708	4713	236
III	247	4714	4718	237
III	248	4719	4722	238
III	249	4723	4728	239
III	250	4729	4733	240
III	251	4734	4739	241
III	252	4740	4745	242
III	253	4746	4751	243
III	254	4752	4758	244
III	255	4759	4765	245
III	256	4766	4771	246
III	257	4772	4777	247
III	258	4778	4783	248
III	259	4784	4790	249
III	260	4791	4796	250
III	261	4797	4803	251
III	262	4804	4809	252
III	263	4810	4815	253
III	264	4816	4820	254
III	265	4821	4825	255
III	266	4826	4832	256
III	267	4833	4838	257
III	268	4839	4844	258
III	269	4845	4849	259
III	270	4850	4856	260
III	271	4857	4862	261
III	272	4863	4869	262
III	273	4870	4875	263
III	274	4876	4882	264
III	275	4883	4888	265
III	276	4889	4894	266
III	277	4895	4900	267
III	278	4901	4907	268
III	279	4908	4913	269
III	280	4914	4919	270
III	281	4920	4927	271
III	282	4928	4932	272
III	283	4933	4938	273
III	284	4939	4945	274
III	285	4946	4952	275
III	286	4953	4957	276
III	287	4958	4964	277
III	288	4965	4969	278
III	289	4970	4975	279
III	290	4976	4981	280
III	291	4982	4988	281
III	292	4989	4994	282
III	293	4995	4999	283
III	294	5000	5005	284
III	295	5006	5012	285
III	296	5013	5017	286
III	297	5018	5023	287
III	298	5024	5029	288
III	299	5030	5035	289
III	300	5036	5042	290
III	301	5043	5048	291
III	302	5049	5054	292
III	303	5055	5061	293
III	304	5062	5067	294
III	305	5068	5073	295
III	306	5074	5079	296
III	307	5080	5084	297
III	308	5085	5091	298
III	309	5092	5097	299
III	310	5098	5102	300
III	311	5103	5107	301
III	312	5108	5113	302
III	313	5114	5119	303
III	314	5120	5125	304
III	315	5126	5131	305
III	316	5132	5137	306
III	317	5138	5143	307
III	318	5144	5148	308
III	319	5149	5155	309
III	320	5156	5161	310
III	321	5162	5166	311
III	322	5167	5172	312
III	323	5173	5178	313
III	324	5179	5184	314
III	325	5185	5190	315
III	326	5191	5196	316
III	327	5197	5202	317
III	328	5203	5209	318
III	329	5210	5215	319
III	330	5216	5221	320
III	331	5222	5226	321
III	332	5227	5230	322
III	333	5231	5235	323
III	334	5236	5241	324
III	335	5242	5247	325
III	336	5248	5251	326
III	337	5252	5257	327
III	338	5258	5262	328
III	339	5263	5268	329
III	340	5269	5275	330
III	341	5276	5281	331
III	342	5282	5287	332
III	343	5288	5293	333
III	344	5294	5298	334
III	345	5299	5304	335
III	346	5305	5309	336
III	347	5310	5315	337
III	348	5316	5320	338
III	349	5321	5325	339
III	350	5326	5331	340
III	351	5332	5337	341
III	352	5338	5343	342
III	353	5344	5349	343
III	354	5350	5355	344
III	355	5356	5362	345
III	356	5363	5369	346
III	357	5370	5374	347
III	358	5375	5379	348
III	359	5380	5384	349
III	360	5385	5390	350
III	361	5391	5395	351
III	362	5396	5401	352
III	363	5402	5407	353
III	364	5408	5413	354
III	365	5414	5418	355
III	366	5419	5419	356
