page	adhy.	fromv.	tov.	ipage
76	1	1	4	1
77	1	5	10a	2
78	1	10b	11	3
78	2	1a	1a	3
79	2	1b	1b	4
80	2	1b	5a	5
81	2	5b	6a	6
82	2	6b	8	7
83	2	9	20a	8
84	2	20b	24	9
84	3	1	1	9
85	3	2	7a	10
86	3	7b	12	11
87	3	13	18a	12
88	3	18b	23	13
89	3	24	29a	14
90	3	29b	34	15
91	3	35	40	16
92	4	1	6a	17
93	4	6b	11	18
94	4	12	17a	19
95	4	17b	22	20
96	4	23	28	21
97	4	29	32	22
98	5	1	6a	23
99	5	6b	11	24
100	5	12	17a	25
101	5	17b	22	26
102	5	23	28a	27
103	5	28b	33	28
104	5	34	39a	29
105	5	39b	44	30
106	5	45	50a	31
107	5	50b	55	32
108	5	56	61a	33
109	5	61b	66	34
110	5	67	72a	35
111	5	72b	77	36
112	5	78	83a	37
113	5	83b	88	38
114	5	89	94a	39
115	5	94b	98	40
116	6	1	6a	41
117	6	6b	11	42
118	6	12	13	43
118	7	1	3a	43
119	7	3b	8	44
120	7	9	14a	45
121	7	14b	19	46
122	7	20	20	47
122	8	1	4a	47
123	8	4b	9	48
124	8	10	15a	49
125	8	15b	20	50
126	8	21	26a	51
127	8	26b	31	52
128	8	32	37a	53
129	8	37b	42	54
130	8	43	48a	55
131	8	48b	53	56
132	9	1	6a	57
133	9	6b	11	58
134	9	12	17a	59
135	9	17b	22	60
136	9	23	28a	61
137	9	28b	33	62
138	9	34	39a	63
139	9	39b	44	64
140	9	45	45	65
140	10	1	4a	65
141	10	4b	9	66
142	10	10	15a	67
143	10	15b	20	68
144	10	21	21	69
144	11	1	4a	69
145	11	4b	9	70
146	11	10	15a	71
147	11	15b	20	72
148	11	21	26a	73
149	11	26b	31	74
150	11	32	37a	75
151	11	37b	42	76
152	11	43	48a	77
153	11	48b	53	78
154	11	54	59a	79
155	11	59b	62	80
156	12	1	6a	81
157	12	6b	9	82
158	12	10	15a	83
159	12	15b	20	84
160	12	21	21	85
160	13	1	4a	85
161	13	4b	9	86
162	13	10	11	87
162	14	1	3a	87
163	14	3b	8	88
164	14	9	14a	89
165	14	14b	19	90
166	14	20	25a	91
167	14	25b	30	92
168	14	31	33	93
168	15	1	2a	93
169	15	2b	7	94
170	15	8	13a	95
171	15	13b	18	96
172	15	19	24a	97
173	15	24b	29	98
174	15	30	32	99
174	16	1	2a	99
175	16	2b	7	100
176	16	8	13a	101
177	16	13b	18	102
178	16	19	24a	103
179	16	24b	29	104
180	16	30	35a	105
181	16	35b	40	106
182	16	41	42	107
182	17	1	2	107
183	17	3	8a	108
184	17	8b	13	109
185	17	14	19a	110
186	17	19b	24	111
187	17	25	27	112
187	18	1	1	112
188	18	2	7a	113
189	18	7b	8	114
189	19	1	3	114
190	19	4	9a	115
191	19	9b	14	116
192	19	15	20a	117
193	19	20b	22	118
193	20	1	2	118
194	20	3	8a	119
195	20	8b	9	120
195	21	1	3	120
196	21	4	9a	121
197	21	9b	14	122
198	21	15	20a	123
199	21	20b	25	124
200	21	26	31a	125
201	21	31b	36	126
202	21	37	37	127
202	22	1	4	127
203	22	5	8	128
203	23	1	3a	128
204	23	3b	8	129
205	23	9	10	130
205	24	1	2	130
206	24	3	8a	131
207	24	8b	13	132
208	24	14	19a	133
209	24	19b	24	134
210	24	25	30a	135
211	24	30b	35	136
212	24	36	36	137
212	25	1	4a	137
213	25	4b	6	138
213	26	1	4	138
214	26	5	10	139
215	26	11	15	140
216	27	1	6a	141
217	27	6b	8	142
217	28	1	2	142
218	28	3	8a	143
219	28	8b	13	144
220	28	14	19a	145
221	28	19b	22	146
221	29	1	2a	146
222	29	2b	7	147
223	29	8	13a	148
224	29	13b	14	149
224	30	1	3	149
225	30	4	9a	150
226	30	9b	14	151
227	30	15	20a	152
228	30	20b	25	153
229	30	26	32	154
230	30	33	33	155
230	31	1	4a	155
231	31	4b	5	156
231	32	1	3	156
232	32	4	9a	157
233	32	9b	14	158
234	32	15	20a	159
235	32	20b	25	160
236	32	26	31a	161
237	32	31b	32	162
237	33	1	3	162
238	33	4	9a	163
239	33	9b	14	164
240	33	15	20a	165
241	33	20b	26	166
242	33	27	30	167
242	34	1	2a	167
243	34	2b	7	168
244	34	8	13a	169
245	34	13b	18	170
246	34	19	23	171
247	35	1	6a	172
248	35	6b	8	173
248	36	1	2	173
249	36	3	5	174
249	37	1	2a	174
250	37	2b	3	175
250	38	1	3	175
251	38	4	8	176
252	39	1	5	177
253	40	1	6a	178
254	40	6b	11	179
255	40	12	14	180
255	41	1	2a	180
256	41	2b	7	181
257	41	8	13a	182
258	41	13b	13b	183
258	42	1	4	183
259	42	5	10a	184
260	42	10b	14	185
261	43	1	6a	186
262	43	6b	11	187
263	43	12	17	188
264	43	18	23	189
265	43	24	29a	190
266	43	29b	34	191
267	43	35	40a	192
268	43	40b	45	193
269	43	46	51a	194
270	43	51b	56	195
271	43	57	62a	196
272	43	62b	67	197
273	43	68	68	198
273	44	1	4a	198
274	44	4b	9	199
275	44	10	15a	200
276	44	15b	20	201
277	44	21	26a	202
278	44	26b	28	203
278	45	1	2	203
279	45	3	8a	204
280	45	8b	13	205
281	45	14	16	206
281	46	1	2a	206
282	46	2b	7	207
283	46	8	13a	208
284	46	13b	17	209
285	46	18	23	210
286	46	24	28	211
287	46	29	33	212
288	46	34	38	213
289	46	39	44a	214
290	46	44b	49a	215
291	46	49b	54	216
292	46	55	60	217
293	46	61	66	218
294	46	67	72	219
295	46	73	78a	220
296	46	78b	83	221
297	46	84	94	222
298	46	95	99	223
298	47	1	2a	223
299	47	2b	8a	224
300	47	8b	13	225
301	47	14	19a	226
302	47	19b	25a	227
303	47	25b	28	228
303	48	1	1	228
304	48	2	7a	229
305	48	7b	12	230
306	48	13	18a	231
307	48	18b	25	232
308	48	26	32	233
309	48	33	38a	234
310	48	38b	47a	235
311	48	47b	53	236
312	48	54	63	237
313	48	64	72	238
314	48	73	78	239
315	48	79	86	240
316	48	87	87	241
316	49	1	4	241
317	49	5	8	242
318	50	1	6a	243
319	50	6b	11	244
320	50	12	17a	245
321	50	17b	22	246
322	50	23	26	247
323	51	1	6a	248
324	51	6b	12a	249
325	51	12b	18a	250
326	51	18b	24a	251
327	51	24b	30	252
328	51	31	36	253
329	51	37	43	254
330	51	44	44	255
330	52	1	4	255
331	52	5	10	256
332	53	1	6a	257
333	53	6b	11	258
334	53	12	17a	259
335	53	17b	22	260
336	53	23	28a	261
337	53	28b	33	262
338	53	34	39a	263
339	53	39b	44	264
340	53	45	50a	265
341	53	50b	55	266
342	53	56	61a	267
343	53	61b	66	268
344	53	67	72a	269
345	53	72b	77	270
346	53	78	83a	271
347	53	83b	88	272
348	53	89	94a	273
349	53	94b	99	274
350	53	100	105a	275
351	53	105b	110	276
352	53	111	116a	277
353	53	116b	121	278
354	53	122	125	279
355	54	1	6a	280
356	54	6b	11	281
357	54	12	17a	282
358	54	17b	22	283
359	54	23	28a	284
360	54	28b	33	285
361	54	34	39a	286
362	54	39b	44	287
363	54	45	50a	288
364	54	50b	55	289
365	54	56	61a	290
366	54	61b	66	291
367	54	67	72a	292
368	54	72b	77	293
369	54	78	83a	294
370	54	83b	88	295
371	54	89	94a	296
372	54	94b	99	297
373	54	100	105a	298
374	54	105b	110	299
375	54	111	116a	300
376	54	116b	121	301
377	54	122	125	302
377	55	1	1	302
378	55	2	12	303
379	55	13	21a	304
380	55	21b	26	305
381	55	27	31	306
381	56	1	1	306
382	56	2	12	307
383	56	13	21	308
384	56	22	27a	309
385	56	27b	31	310
385	57	1	1	310
386	57	2	7a	311
387	57	7b	8	312
387	58	1	3	312
388	58	4	9a	313
389	58	9b	14	314
390	58	15	20a	315
391	58	20b	25	316
392	58	26	31a	317
393	58	31b	36	318
394	58	37	42a	319
395	58	42b	47	320
396	58	48	53a	321
397	58	53b	58	322
398	59	1	6a	323
399	59	6b	12a	324
400	59	12b	14	325
400	60	1	2	325
401	60	3	8a	326
402	60	8b	13	327
403	60	14	19a	328
404	60	19b	22	329
404	61	1	1	329
405	61	2	7a	330
406	61	7b	12	331
407	61	13	18a	332
408	61	18b	19	333
408	62	1	2	333
409	63	1	3	334
409	64	1	2a	334
410	64	2b	3	335
410	65	1	3	335
411	65	4	9	336
412	65	10	11	337
412	66	1	3a	337
413	66	3b	5	338
413	67	1	2	338
414	67	3	8a	339
415	67	8b	10	340
415	68	1	2	340
416	68	3	8a	341
417	68	8b	13	342
418	68	14	19a	343
419	68	19b	24	344
420	68	25	30a	345
421	68	30b	35	346
422	68	36	41a	347
423	68	41b	46	348
424	68	47	52a	349
425	68	52b	57	350
426	68	58	63a	351
427	68	63b	68	352
428	68	69	74a	353
429	68	74b	79	354
430	68	80	85a	355
431	68	85b	90a	356
432	68	90b	95a	357
433	68	95b	100a	358
434	68	100b	104a	359
435	68	104b	108a	360
436	68	108b	114a	361
437	68	114b	117	362
438	69	1	6a	363
439	69	6b	11	364
440	69	12	17a	365
441	69	17b	22	366
442	69	23	28	367
443	69	29	34a	368
444	69	34b	39	369
445	70	1	6a	370
446	70	6b	11	371
447	70	12	17a	372
448	70	17b	23a	373
449	70	23b	26	374
449	71	1a	1a	374
450	71	1b	7	375
451	71	8	14	376
452	72	1	6a	377
453	72	6b	6b	378
453	73	1	4	378
454	73	5	6	379
454	74	1	3a	379
455	74	3b	10	380
456	74	11	18	381
457	74	19	20	382
457	75	1	3a	382
458	75	3b	8	383
459	75	9	10	384
459	76	1	3a	384
460	76	3b	8	385
461	76	9	12	386
461	77	1a	1a	386
462	77	1b	6	387
463	77	7	12a	388
464	77	12b	17	389
465	77	18	23a	390
466	77	23b	28	391
467	77	29	34a	392
468	77	34b	37	393
468	78	1	1	393
469	78	2	7a	394
470	78	7b	13a	395
471	78	13b	18	396
472	78	19	24a	397
473	78	24b	26	398
473	79	1	2	398
474	79	3	8a	399
475	79	8b	13	400
476	79	14	19a	401
477	79	19b	24	402
478	79	25	30a	403
479	79	30b	35	404
480	79	36	39	405
481	80	1	6a	406
482	80	6b	11	407
483	80	12	17a	408
484	80	17b	18	409
484	81	1	4a	409
485	81	4b	9	410
486	81	10	15a	411
487	81	15b	20	412
488	81	21	26a	413
489	81	26b	31	414
490	81	32	36	415
491	82	1	6a	416
492	82	6b	11	417
493	83	1	1	418
493	84	1	2	418
493	85	1	2a	418
494	85	2b	7	419
495	85	8	9	420
495	86	1	5	420
496	86	6	16	421
497	86	17	27	422
498	86	28	38	423
499	86	39	49	424
500	86	50	60	425
501	86	61	71	426
502	86	72	78	427
503	86	79	80	428
503	87	1	3a	428
504	87	3b	8	429
505	87	9	14a	430
506	87	14b	19	431
507	87	20	25a	432
508	87	25b	30	433
509	87	31	36a	434
510	87	36b	41	435
511	87	42	45	436
511	88	1a	1a	436
512	88	1b	6	437
513	88	7	12a	438
514	88	12b	17	439
515	88	18	23a	440
516	88	23b	28	441
517	88	29	34	442
518	88	35	40	443
519	88	41	47	444
520	89	1a	1a	445
521	89	1b	6	446
522	89	7	12a	447
523	89	12b	17	448
524	89	18	20	449
524	90	1	2a	449
525	90	2b	12a	450
526	90	12b	14	451
526	91	1	2	451
527	91	3	3	452
527	92	1	3	452
528	93	1	6a	453
529	93	6b	11	454
530	93	12	15	455
530	94	1	2	455
531	94	3	10	456
532	94	11	14	457
533	95	1	6a	458
534	95	6b	11	459
535	95	12	17a	460
536	95	17b	22	461
537	95	23	28a	462
538	95	28b	33	463
539	95	34	39a	464
540	95	39b	44	465
541	95	45	50a	466
542	95	50b	55	467
543	95	56	61a	468
544	95	61b	62	469
544	96	1	3a	469
545	96	3b	8	470
546	96	9	14a	471
547	96	14b	17	472
547	97	1	1	472
548	97	2	7a	473
549	97	7b	12	474
550	97	13	17	475
551	98	1	6a	476
552	98	6b	11	477
553	98	12	17a	478
554	98	17b	18	479
554	99	1	3	479
555	99	4	8	480
556	100	1	2	481
556	101	1	3a	481
557	101	3b	8	482
558	101	9	14a	483
559	101	14b	14b	484
559	102	1	4	484
560	102	5	7	485
560	103	1	2a	485
561	103	2b	7	486
562	103	8	13a	487
563	103	13b	13b	488
563	104	1	4	488
564	104	5	10a	489
565	104	10b	15	490
566	104	16	21a	491
567	104	21b	26	492
568	104	27	32a	493
569	104	32b	37	494
570	104	38	43	495
571	104	44	48a	496
572	104	48b	53	497
573	104	54	60	498
574	104	61	61a	499
575	104	61b	64a	500
576	104	64b	64b	501
576	105	1	4a	501
577	105	4b	9	502
578	105	10	15a	503
579	105	15b	16	504
579	106	1	3	504
580	106	4	6	505
580	107	1	1	505
581	107	2	7a	506
582	107	7b	12	507
583	107	13	13	508
