volume	page	adhy.	from v.	to v.	ipage
I	24	1	1	7	1
I	25	1	8	17	2
I	26	1	18	27	3
I	27	1	28	37	4
I	28	1	38	47	5
I	29	1	48	57	6
I	30	1	58	67	7
I	31	1	68	77	8
I	32	1	78	87	9
I	33	1	88	95	10
I	34	2	1	8	11
I	35	2	9	18	12
I	36	2	19	28	13
I	37	2	29	38	14
I	38	2	39	48	15
I	39	2	49	58	16
I	40	2	59	68	17
I	41	2	69	75	18
I	42	3	1	8	19
I	43	3	9	18	20
I	44	3	19	28	21
I	45	3	29	38	22
I	46	3	39	48	23
I	47	3	49	58	24
I	48	3	59	68	25
I	49	3	69	70	26
I	50	4	1	8	27
I	51	4	9	18	28
I	52	4	19	28	29
I	53	4	29	38	30
I	54	4	39	48	31
I	55	4	49	58	32
I	56	4	59	68	33
I	57	4	69	78	34
I	58	4	79	87	35
I	59	4	88	88	36
I	60	5	1	8	37
I	61	5	9	18	38
I	62	5	19	28	39
I	63	5	29	38	40
I	64	5	39	48	41
I	65	5	49	58	42
I	66	5	59	65	43
I	67	5	66	70	44
I	68	5	71	75	45
I	69	5	76	76	46
I	70	6	1	8	47
I	71	6	9	18	48
I	72	6	19	28	49
I	73	6	29	38	50
I	74	6	39	48	51
I	75	6	49	58	52
I	76	6	59	68	53
I	77	6	69	78	54
I	78	6	79	86	55
I	79	7	1	8	56
I	80	7	9	18	57
I	81	7	19	28	58
I	82	7	29	38	59
I	83	7	39	48	60
I	84	7	49	58	61
I	85	7	59	67	62
I	86	7	68	68	63
I	87	8	1	8	64
I	88	8	9	18	65
I	89	8	19	28	66
I	90	8	29	38	67
I	91	8	39	48	68
I	92	8	49	58	69
I	93	8	59	68	70
I	94	8	69	78	71
I	95	8	79	88	72
I	96	8	89	94	73
I	97	9	1	8	74
I	98	9	9	18	75
I	99	9	19	28	76
I	100	9	29	38	77
I	101	9	39	48	78
I	102	9	49	56	79
I	103	9	57	61	80
I	104	9	62	68	81
I	105	9	69	76	82
I	106	9	77	81	83
I	107	9	82	82	84
I	108	10	1	9	85
I	109	10	10	19	86
I	110	10	20	29	87
I	111	10	30	39	88
I	112	10	40	49	89
I	113	10	50	59	90
I	114	10	60	69	91
I	115	10	70	79	92
I	116	10	80	87	93
I	117	11	1	8	94
I	118	11	9	18	95
I	119	11	19	28	96
I	120	11	29	38	97
I	121	11	39	48	98
I	122	11	49	58	99
I	123	11	59	68	100
I	124	11	69	78	101
I	125	11	79	88	102
I	126	11	89	93	103
I	127	12	1	8	104
I	128	12	9	18	105
I	129	12	19	28	106
I	130	12	29	38	107
I	131	12	39	48	108
I	132	12	49	58	109
I	133	12	59	68	110
I	134	12	69	78	111
I	135	12	79	88	112
I	136	12	89	98	113
I	137	12	99	104	114
I	138	13	1	8	115
I	139	13	9	18	116
I	140	13	19	28	117
I	141	13	29	38	118
I	142	13	39	48	119
I	143	13	49	58	120
I	144	13	59	67	121
I	145	13	68	72	122
I	146	13	73	77	123
I	147	13	78	79	124
I	148	14	1	8	125
I	149	14	9	18	126
I	150	14	19	28	127
I	151	14	29	38	128
I	152	14	39	48	129
I	153	14	49	58	130
I	154	14	59	68	131
I	155	14	69	78	132
I	156	14	79	86	133
I	157	14	87	87	134
I	158	15	1	8	135
I	159	15	9	18	136
I	160	15	19	28	137
I	161	15	29	38	138
I	162	15	39	48	139
I	163	15	49	58	140
I	164	15	59	68	141
I	165	15	69	78	142
I	166	15	79	88	143
I	167	15	89	98	144
I	168	15	99	103	145
I	169	16	1	8	146
I	170	16	9	18	147
I	171	16	19	28	148
I	172	16	29	38	149
I	173	16	39	48	150
I	174	16	49	58	151
I	175	16	59	68	152
I	176	16	69	78	153
I	177	16	79	86	154
I	178	16	87	88	155
I	179	17	1	8	156
I	180	17	9	18	157
I	181	17	19	28	158
I	182	17	29	38	159
I	183	17	39	48	160
I	184	17	49	58	161
I	185	17	59	68	162
I	186	17	69	78	163
I	187	17	79	81	164
I	188	18	1	8	165
I	189	18	9	18	166
I	190	18	19	28	167
I	191	18	29	38	168
I	192	18	39	48	169
I	193	18	49	52	170
I	194	19	1	8	171
I	195	19	9	18	172
I	196	19	19	28	173
I	197	19	29	38	174
I	198	19	39	48	175
I	199	19	49	56	176
I	200	19	57	57	177
