1 11
2 24
3 40
4 32
5 98
6 13
7 20
8 53
9 45
10 21
11 62
12 21
13 11
14 33
15 32
16 42
17 27
18 8
19 22
20 9
21 37
22 8
23 10
24 36
25 6
26 15
27 8
28 22
29 14
30 33
31 5
32 32
33 30
34 23
35 8
36 5
37 3
38 8
39 5
40 14
41 13
42 14
43 68
44 28
45 16
46 99
47 28
48 87
49 8
50 26
51 44
52 10
53 125
54 125
55 31
56 31
57 8
58 58
59 14
60 22
61 19
62 2
63 3
64 3
65 11
66 5
67 10
68 117
69 39
70 26
71 14
72 6
73 6
74 20
75 10
76 12
77 37
78 26
79 39
80 18
81 36
82 11
83 1
84 2
85 9
86 80
87 45
88 47
89 20
90 14
91 3
92 3
93 15
94 14
95 62
96 17
97 17
98 18
99 8
100 2
101 14
102 7
103 13
104 64
105 16
106 6
107 13
