volume	page	book	chapter	sect	fromv	tov	ipage
I	26	1	1	1	1	2	1
I	27	1	1	1	3	9a	2
I	28	1	1	1	9b	15a	3
I	29	1	1	1	15b	23a	4
I	30	1	1	1	23b	29a	5
I	31	1	1	1	29b	34a	6
I	32	1	1	1	34b	41a	7
I	33	1	1	1	41b	46a	8
I	34	1	1	1	46b	51	9
I	35	1	1	1	52	57	10
I	36	1	1	1	58	62a	11
I	37	1	1	1	62b	67a	12
I	38	1	1	2	1	5	13
I	39	1	1	2	6	11	14
I	40	1	1	2	12	17a	15
I	41	1	1	2	17b	21	16
I	42	1	1	2	12	27a	17
I	43	1	1	2	27b	33a	18
I	44	1	1	2	33b	37a	19
I	45	1	1	3	1	4a	20
I	46	1	1	3	4b	8a	21
I	47	1	1	3	8b	12a	22
I	48	1	1	3	12b	15a	23
I	49	1	1	3	15b	18	24
I	50	1	1	3	19	22	25
I	51	1	1	4	1	4	26
I	52	1	1	4	5	9a	27
I	53	1	1	4	9b	13	28
I	54	1	1	4	14	17	29
I	55	1	1	4	18	21a	30
I	56	1	1	4	21b	25a	31
I	57	1	1	4	25b	26	32
I	57	1	1	5	1	2a	32
I	58	1	1	5	2b	6a	33
I	59	1	1	5	6b	10a	34
I	60	1	1	5	10b	14	35
I	61	1	1	5	15b	19a	36
I	62	1	1	5	19b	22a	37
I	63	1	1	5	22b	22	38
I	63	1	1	6	1	4a	38
I	64	1	1	6	4b	4	39
I	64	1	1	7	1	2	39
I	65	1	1	7	3	6a	40
I	66	1	1	7	6b	9a	41
I	67	1	1	7	9b	14a	42
I	68	1	1	7	14b	19a	43
I	69	1	1	7	19b	23a	44
I	70	1	1	7	23b	28a	45
I	71	1	1	7	28b	33a	46
I	72	1	1	7	33b	37	47
I	73	1	1	7	38	38	48
I	74	1	2	1	1	4a	49
I	75	1	2	1	4b	9a	50
I	76	1	2	1	9b	12	51
I	77	1	2	2	1	4	52
I	78	1	2	3	1	5	53
I	79	1	2	3	6	9	54
I	80	1	2	3	10	13a	55
I	81	1	2	3	13b	16	56
I	82	1	2	3	17	20a	57
I	83	1	2	3	20b	23a	58
I	84	1	2	3	23b	26	59
I	85	1	2	3	27	29	60
I	86	1	2	3	30	33	61
I	87	1	2	3	34	37a	62
I	88	1	2	3	37b	42a	63
I	89	1	2	3	42b	43	64
I	90	2	1	1	1	4a	65
I	91	2	1	1	1	8	66
I	92	2	1	1	1	12	67
I	93	2	1	1	1	17a	68
I	94	2	1	1	1	19	69
I	94	2	2	1	0	1a	69
I	95	2	2	1	1b	5a	70
I	96	2	2	1	5b	8	71
I	97	2	2	1	9	13a	72
I	98	2	2	1	13b	17a	73
I	99	2	2	1	17b	20a	74
I	100	2	3	1	1	4	75
I	101	2	3	1	5	8	76
I	102	2	4	1	1	4a	77
I	103	2	4	1	4b	8	78
I	104	2	4	1	9	13a	79
I	105	2	4	1	13b	16	80
I	106	2	4	1	17	20a	81
I	107	2	4	2	1	5	82
I	108	2	4	2	6	9a	83
I	109	2	4	2	9b	13a	84
I	110	2	4	2	13b	17a	85
I	111	2	4	2	17b	21a	86
I	112	2	4	2	21b	25a	87
I	113	2	4	2	25b	29	88
I	114	2	4	2	30	34a	89
I	115	2	4	2	34b	38	90
I	116	2	4	2	39	43a	91
I	117	2	4	2	43b	47a	92
I	118	2	4	2	47b	50a	93
I	119	2	4	2	50b	54a	94
I	120	2	4	2	54b	58a	95
I	121	2	4	2	58b	62	96
I	122	2	4	3	1	5	97
I	123	2	4	3	6	11a	98
I	124	2	4	3	11b	16a	99
I	125	2	4	3	16b	21a	100
I	126	2	4	3	21b	25a	101
I	127	2	4	3	25b	30a	102
I	128	2	4	3	30b	31	103
I	128	2	4	4	1	2	103
I	129	2	4	4	3	7	104
I	130	2	4	4	8b	10a	105
I	131	2	4	4	10b	14	106
I	132	2	4	4	15	18	107
I	133	2	4	4	19	22	108
I	134	2	4	4	23	23	109
I	134	2	4	5	1	3a	109
I	135	2	4	5	3b	8	110
I	136	2	4	5	9	13a	111
I	137	2	4	5	13b	17a	112
I	138	2	4	5	17b	21a	113
I	139	2	4	5	21b	25a	114
I	140	2	4	5	25b	29a	115
I	141	2	4	5	29b	33a	116
I	142	2	4	5	33b	35	117
I	143	2	5	1	1	4a	118
I	144	2	5	1	4b	9a	119
I	145	2	5	1	9b	13a	120
I	146	2	5	1	13b	16	121
I	147	2	5	1	17	22a	122
I	148	2	5	1	22b	26a	123
I	149	2	5	1	26b	31a	124
I	150	2	5	1	31b	36a	125
I	151	2	5	1	36b	40	126
I	152	2	5	1	41	43	127
I	153	2	6	1	1	4	128
I	154	2	6	1	5	8a	129
I	155	2	6	1	8b	11	130
I	156	2	6	1	12	15	131
I	157	2	6	1	16	20a	132
I	158	2	6	1	20b	24a	133
I	159	2	6	1	24b	28	134
I	160	2	6	1	29	32a	135
I	161	2	6	1	32b	36a	136
I	162	2	6	1	36b	40a	137
I	163	2	6	1	40b	44a	138
I	164	2	6	1	44b	47	139
I	165	2	6	1	48	49	140
I	166	2	6	2	1	4a	141
I	167	2	6	2	4b	7a	142
I	168	2	6	2	7b	10a	143
I	169	2	6	2	10b	13a	144
I	170	2	6	2	13b	16a	145
I	171	2	6	2	16b	20a	146
I	172	2	6	2	20b	24a	147
I	173	2	6	2	24b	27	148
I	174	2	6	2	28	31a	149
I	175	2	6	2	31b	35a	150
I	176	2	6	2	35b	39a	151
I	177	2	6	2	39b	43a	152
I	178	2	6	2	43b	47a	153
I	179	2	6	2	47b	50a	154
I	180	2	6	3	1	3	155
I	181	2	6	3	4	7a	156
I	182	2	6	3	7b	11a	157
I	183	2	6	3	11b	14	158
I	184	2	6	3	15	17	159
I	185	2	6	3	18	22a	160
I	186	2	6	3	22b	26a	161
I	187	2	6	3	26b	30a	162
I	188	2	6	3	30b	34a	163
I	189	2	6	3	34b	38a	164
I	190	2	6	3	38b	41	165
I	191	2	7	1	1	4a	166
I	192	2	7	1	4b	8a	167
I	193	2	7	1	8b	12	168
I	194	2	7	1	13	16	169
I	195	2	7	1	17	19a	170
I	196	2	7	1	19b	23a	171
I	197	2	7	1	23b	26	172
I	198	2	7	1	27	30	173
I	199	2	7	1	31	33	174
I	200	2	7	1	34	38a	175
I	201	2	7	1	38b	41a	176
I	210	2	8	1	12b	16a	185
I	211	2	8	1	16b	19	186
I	212	2	8	1	20	23a	187
I	213	2	8	1	23b	27	188
I	214	2	8	1	28	31	189
I	215	2	8	1	32	32	190
I	215	2	8	2	1	1	190
I	216	2	8	2	2	5a	191
I	217	2	8	2	5b	9a	192
I	218	2	8	2	9b	12	193
I	219	2	8	2	13	16	194
I	220	2	8	2	17	21a	195
I	221	2	8	2	21b	24	196
I	222	2	8	2	25	28a	197
I	223	2	8	2	28b	34a	198
I	224	2	8	2	34b	40a	199
I	225	2	8	2	40b	44	200
I	226	2	8	2	45	48	201
I	227	2	8	2	49	52a	202
I	228	2	8	2	52b	56	203
I	229	2	8	2	57	60a	204
I	230	2	8	2	60b	64	205
I	231	2	8	2	65	69a	206
I	232	2	8	2	69b	75a	207
I	233	2	8	2	75b	80a	208
I	234	2	8	2	80b	85	209
I	235	2	8	2	86	88	210
I	236	2	9	1	1	3	211
I	237	2	9	1	4	8a	212
I	238	2	9	1	8b	12	213
I	239	2	9	1	13	16a	214
I	240	2	9	1	16b	18	215
I	241	2	9	1	19	22	216
I	242	2	9	1	23	25	217
I	243	2	9	1	26	29	218
I	244	2	9	1	30	32	219
I	245	2	9	1	33	37	220
I	246	2	9	1	38	42a	221
I	247	2	9	1	42b	45a	222
I	248	2	9	1	45b	48a	223
I	249	2	9	1	48b	52a	224
I	250	2	9	1	52b	56a	225
I	251	2	9	1	56b	60	226
I	252	2	9	1	61	65	227
I	253	2	9	1	66	70	228
I	254	2	9	1	71	74	229
I	255	2	9	1	75	79a	230
I	256	2	9	1	79b	83a	231
I	257	2	9	1	83b	87a	232
I	258	2	9	1	87b	91	233
I	259	2	9	1	92	97a	234
I	260	2	9	1	97b	101	235
I	261	2	9	1	102	105	236
I	262	2	9	1	106	109	237
I	263	2	9	1	110	112	238
I	264	2	10	1	1	3	239
I	265	2	10	1	4	8a	240
I	266	2	10	1	8b	12	241
I	267	2	10	1	13	17	242
I	268	2	10	1	18	23a	243
I	269	2	10	1	23b	27	244
I	270	2	10	1	28	31	245
I	271	2	10	1	32	35a	246
I	272	2	10	1	35b	39	247
I	273	2	10	1	40	43	248
I	274	2	10	1	44	47	249
I	275	3	1	1	1	4	250
I	276	3	1	1	5	9a	251
I	277	3	1	1	9b	14a	252
I	278	3	1	1	14b	18	253
I	279	3	1	1	19	23a	254
I	280	3	1	1	23b	27a	255
I	281	3	1	1	27b	31	256
I	282	3	1	1	32	35	257
I	283	3	1	1	36	39	258
I	284	3	1	1	40	43a	259
I	285	3	1	1	43b	46	260
I	286	3	1	1	47	51a	261
I	287	3	2	1	1	4	262
I	288	3	2	1	5	9a	263
I	289	3	2	1	9b	13	264
I	290	3	2	1	14	18a	265
I	291	3	2	1	18b	22a	266
I	292	3	2	1	22b	26	267
I	293	3	2	1	27	31a	268
I	294	3	2	1	31b	35a	269
I	295	3	2	1	35b	39a	270
I	296	3	2	1	39b	42	271
I	297	3	2	1	43	46	272
I	298	3	2	1	47	50	273
I	299	3	2	1	51	57a	274
I	300	3	2	1	57b	62	275
I	301	3	3	1	1	3	276
I	302	3	3	1	4	7	277
I	303	3	3	1	8	9	278
I	304	3	3	1	10	12a	279
I	305	3	3	1	12b	15a	280
I	306	3	3	1	15b	19a	281
I	307	3	3	1	19b	23	282
I	308	3	3	1	24	26	283
I	309	3	3	1	27	31	284
I	310	3	3	1	32	36	285
I	311	3	3	1	37	40a	286
I	312	3	3	1	40b	43	287
I	313	3	4	1	1	4a	288
I	314	3	4	1	4b	7	289
I	315	3	4	1	8	10	290
I	316	3	4	1	11	13a	291
I	317	3	4	1	13b	15	292
I	318	3	4	1	16	18	293
I	319	3	4	2	19	20a	294
I	319	3	4	3	20b	21a	294
I	320	3	4	3	21b	24	295
I	321	3	4	3	25	27	296
I	322	3	4	4	28	29a	297
I	322	3	4	5	29b	30	297
I	323	3	4	6	31	31	298
I	323	3	4	7	32	33	298
I	324	3	4	7	34	34	299
I	324	3	4	8	35	36a	299
I	325	3	4	9	36b	39a	300
I	326	3	4	9	39b	42a	301
I	327	3	4	10	42b	45a	302
I	328	3	4	10	45b	46	303
I	328	3	4	11	47	47	303
I	329	3	4	11	48	51	304
I	330	3	4	11	52	55	305
I	331	3	4	11	56	59	306
I	332	3	4	12	60	62	307
I	333	3	4	12	63	66a	308
I	334	3	4	12	66b	70a	309
I	335	3	4	12	70b	74a	310
I	336	3	4	12	74b	77	311
I	337	3	4	12	78	81	312
I	338	3	4	12	82	84	313
I	339	3	4	12	85	88a	314
I	340	3	4	13	88b	90	315
I	340	3	4	14	91	91a	316
I	341	3	4	14	91b	94	317
I	342	3	4	14	95	98a	318
I	343	3	4	15	98b	102a	319
I	344	3	4	15	102b	105a	320
I	345	3	4	15	105b	107a	321
I	346	3	4	16	107b	109a	321
I	347	3	4	16	109b	113a	322
I	348	3	4	16	113b	116a	323
I	349	3	4	16	116b	119	324
I	350	3	4	16	120	123	325
I	351	3	4	16	124	127a	326
I	352	3	4	16	127b	131a	327
I	353	3	4	17	131b	133a	328
I	354	3	4	17	133b	134	329
I	354	3	4	18	135	135a	329
I	354	3	4	19	135b	135	329
I	355	3	4	19	136	139	330
I	356	3	4	19	140	142	331
I	357	3	4	19	143	146	332
I	358	3	4	19	147	147a	333
I	358	3	4	20	147b	149	333
I	359	3	4	20	150	154	334
I	360	3	4	20	155	158a	335
I	361	3	4	20	158b	161	336
I	362	3	4	20	162	163a	337
I	362	3	4	21	163b	164a	337
I	363	3	4	21	164b	168a	338
I	364	3	4	21	168b	172a	339
I	365	3	4	21	172b	176	340
I	366	3	4	21	177	180a	341
I	367	3	4	21	180b	183	342
I	368	3	4	21	184	186a	343
I	369	3	4	21	186b	190a	344
I	370	3	4	21	190b	192	345
I	371	3	4	21	193	194	346
I	371	3	4	22	195	195	346
I	372	3	4	22	196	198	347
I	373	3	4	22	199	201	348
I	374	3	4	22	202	205a	349
I	375	3	4	22	205b	207	350
I	375	3	4	23	208	208a	350
I	376	3	4	23	208b	212	351
I	377	3	4	23	213	215	352
I	377	3	4	24	216	216a	352
I	378	3	4	24	216b	219a	353
I	379	3	4	24	219b	220a	354
I	379	3	4	25	220b	221	354
I	380	3	4	25	222	224	355
I	381	3	4	25	225	227	356
I	382	3	4	26	228	229a	357
I	383	3	4	26	229b	233a	358
I	384	3	4	26	233b	235	359
I	385	3	4	26	236	237	360
I	385	3	4	27	238	238a	360
I	386	3	4	27	238b	241a	361
I	387	3	4	28	1	3a	362
I	388	3	4	28	3b	6	363
I	389	3	4	28	7	10a	364
I	390	3	4	28	10b	13	365
I	391	3	4	28	14	18a	366
I	392	3	4	28	18b	18	367
I	392	3	5	1	1	4a	367
I	393	3	5	1	4b	7	368
I	394	3	5	1	8	11	369
I	395	3	5	1	12	16a	370
I	396	3	5	1	16b	18a	371
I	397	3	5	1	18b	21	372
I	398	3	5	1	22	23	373
I	399	3	6	1	1	3	374
I	400	3	6	1	4	5a	375
I	401	3	6	1	5b	8	376
I	402	3	6	1	9	10	377
I	403	3	6	2	11	12	378
I	404	3	6	2	13	15a	379
I	405	3	6	2	15b	17	380
I	406	3	6	2	18	19	381
I	407	3	6	2	20	21	382
I	408	3	6	3	22	24	383
I	409	3	6	3	25	26	384
I	410	3	6	3	27	30a	385
I	411	3	6	3	30b	32a	386
I	412	3	6	4	32b	33	387
I	413	3	6	4	34	35	388
I	414	3	6	4	36	36	389
I	414	3	6	5	37	37	389
I	415	3	6	5	38	38	390
I	415	3	6	6	39	40	390
I	416	3	6	6	41	41	391
I	416	3	6	7	42	42a	391
I	417	3	6	8	42b	44	392
I	418	3	6	8	45	47	393
