page	adhy.	from v.	to v.	ipage
34	1	1	6	3
35	1	7	16	4
36	1	17	25	5
37	1	26	34	6
38	1	35	44	7
39	1	45	47	8
40	2	1	8	9
41	2	9	17	10
42	2	18	27	11
43	2	28	37	12
44	2	38	47	13
45	2	48	56	14
46	2	57	66	15
47	2	67	72	16
48	3	1	8	17
49	3	9	18	18
50	3	19	28	19
51	3	29	37	20
52	3	38	43	21
53	4	1	7	22
54	4	8	17	23
55	4	18	27	24
56	4	28	37	25
57	4	38	42	26
58	5	1	7	27
59	5	8	17	28
60	5	18	27	29
61	5	28	29	30
62	6	1	8	31
63	6	9	18	32
64	6	19	28	33
65	6	29	36	34
66	6	37	44	35
67	6	45	47	36
68	7	1	8	37
69	7	9	18	38
70	7	19	28	39
71	7	29	30	40
72	8	1	6	41
73	8	7	16	42
74	8	17	26	43
75	8	27	28	44
76	9	1	8	45
77	9	9	18	46
78	9	19	28	47
79	9	29	34	48
80	10	1	8	49
81	10	9	17	50
82	10	18	26	51
83	10	27	36	52
84	10	37	42	53
85	11	1	8	54
86	11	9	17	55
87	11	18	27	56
88	11	28	35	57
89	11	36	44	58
90	11	45	52	59
91	11	53	55	60
92	12	1	7	61
93	12	8	17	62
94	12	18	20	63
95	13	1	8	64
96	13	9	18	65
97	13	19	28	66
98	13	29	34	67
99	14	1	6	68
100	14	7	16	69
101	14	17	24	70
102	14	25	27	71
103	15	1	8	72
104	15	9	18	73
105	15	19	20	74
106	16	1	8	75
107	16	9	18	76
108	16	19	24	77
109	17	1	6	78
110	17	7	16	79
111	17	17	26	80
112	17	27	28	81
113	18	1	7	82
114	18	8	17	83
115	18	18	27	84
116	18	28	37	85
117	18	38	47	86
118	18	48	57	87
119	18	58	67	88
120	18	68	75	89
121	18	76	78	90
