page	kanda	adhy.	from v.	to v.	ipage
106	1	1	1	9a	1
107	1	1	9b	22a	2
108	1	1	22b	35a	3
109	1	1	35b	48a	4
110	1	1	48b	60a	5
111	1	1	60b	73a	6
112	1	1	73b	86a	7
113	1	1	86b	86b	8
113	1	2	1	9a	8
114	1	2	9b	20a	9
115	1	2	20b	33a	10
116	1	2	33b	46a	11
117	1	2	46b	60a	12
118	1	2	60b	73a	13
119	1	2	73b	85a	14
120	1	2	85b	98a	15
121	1	2	98b	110a	16
122	1	2	110b	122a	17
123	1	2	122b	131	18
124	1	2	132	144a	19
125	1	2	144b	156	20
126	1	2	157	169a	21
127	1	2	169b	182a	22
128	1	2	182b	195a	23
129	1	2	195b	208a	24
130	1	2	208b	221a	25
131	1	2	221b	234a	26
132	1	2	234b	247a	27
133	1	2	247b	250	28
133	1	3	1	8a	28
134	1	3	8b	21a	29
135	1	3	21b	34a	30
136	1	3	34b	46a	31
137	1	3	46b	59a	32
138	1	3	59b	72	33
139	1	3	73	86a	34
140	1	3	86b	98a	35
141	1	3	98b	111	36
142	1	3	112	125a	37
143	1	3	125b	137	38
144	1	3	138	150a	39
145	1	3	150b	163a	40
146	1	3	163b	176a	41
147	1	3	176b	189a	42
148	1	3	189b	202a	43
149	1	3	202b	215a	44
150	1	3	215b	228a	45
151	1	3	228b	241a	46
152	1	3	241b	254a	47
153	1	3	254b	267a	48
154	1	3	267b	280a	49
155	1	3	280b	293a	50
156	1	3	293b	306a	51
157	1	3	306b	319	52
158	1	3	320	333a	53
159	1	3	333b	346a	54
160	1	3	346b	359	55
161	1	3	360	372a	56
162	1	3	372b	385a	57
163	1	3	385b	397a	58
164	1	3	397b	410a	59
165	1	3	410b	423a	60
166	1	3	423b	436a	61
167	1	3	436b	449a	62
168	1	3	449b	461a	63
169	1	3	461b	474a	64
170	1	3	474b	487a	65
171	1	3	487b	500a	66
172	1	3	500b	513a	67
173	1	3	513b	526a	68
174	1	3	526b	539a	69
175	1	3	539b	553a	70
176	1	3	553b	565a	71
177	1	3	565b	578a	72
178	1	3	578b	591a	73
179	1	3	591b	598	74
179	1	4	1	4a	74
180	1	4	4b	18a	75
181	1	4	18b	31a	76
182	1	4	31b	45a	77
183	1	4	45b	59a	78
184	1	4	59b	72a	79
185	1	4	72b	85a	80
186	1	4	85b	97a	81
187	1	4	97b	109a	82
188	1	4	109b	123a	83
189	1	4	123b	135a	84
190	1	4	135b	147a	85
191	1	4	147b	160a	86
192	1	4	160b	172a	87
193	1	4	172b	183a	88
194	1	4	183b	196a	89
195	1	4	196b	210a	90
196	1	4	210b	223a	91
197	1	4	223b	237a	92
198	1	4	237b	250a	93
199	1	4	250b	263a	94
200	1	4	263b	276	95
201	1	4	277	289a	96
202	1	4	289b	302a	97
203	1	4	302b	316a	98
204	1	4	316b	330a	99
205	1	4	330b	343a	100
206	1	4	343b	356	101
207	1	4	357	369a	102
208	1	4	369b	382a	103
209	1	4	382b	394a	104
210	1	4	394b	407	105
211	1	4	408	421a	106
212	1	4	421b	423	107
212	1	5	1	7	107
213	1	6	1	13a	108
214	1	6	13b	26	109
215	1	6	27	40a	110
216	1	6	40b	53a	111
217	1	6	53b	67a	112
218	1	6	67b	81a	113
219	1	6	81b	95a	114
220	1	6	95b	109a	115
221	1	6	109b	123a	116
222	1	6	123b	138a	117
223	1	6	138b	152	118
224	1	6	153	167a	119
225	1	6	167b	179	120
226	2	1	1	9a	1
227	2	1	9b	16	2
227	2	2	1	4a	2
228	2	2	4b	18a	3
229	2	2	18b	31a	4
230	2	2	31b	45a	5
231	2	2	45b	58a	6
232	2	2	58b	70a	7
233	2	2	70b	84a	8
234	2	2	84b	97a	9
235	2	2	97b	110	10
236	2	2	111	124a	11
237	2	2	124b	136	12
238	2	2	137	150a	13
239	2	2	150b	163a	14
240	2	2	163b	176a	15
241	2	2	176b	189	16
242	2	2	190	203a	17
243	2	2	203b	216a	18
244	2	2	216b	229a	19
245	2	2	229b	242a	20
246	2	2	242b	256a	21
247	2	2	256b	268	22
248	2	2	269	282a	23
249	2	2	282b	295a	24
250	2	2	295b	308a	25
251	2	2	308b	321a	26
252	2	2	321b	334a	27
253	2	2	334b	347a	28
254	2	2	347b	360a	29
255	2	2	360b	373a	30
256	2	2	373b	386	31
257	2	2	387	399a	32
258	2	2	399b	413a	33
259	2	2	413b	426	34
260	2	2	427	440a	35
261	2	2	440b	454a	36
262	2	2	454b	467a	37
263	2	2	467b	480a	38
264	2	2	480b	493a	39
265	2	2	493b	506a	40
266	2	2	506b	519a	41
267	2	2	519b	533a	42
268	2	2	533b	546a	43
269	2	2	546b	559a	44
270	2	2	559b	572a	45
271	2	2	572b	585a	46
272	2	2	585b	598a	47
273	2	2	598b	604	48
273	2	3	1	4a	48
274	2	3	4b	18a	49
275	2	3	18b	31a	50
276	2	3	31b	45a	51
277	2	3	45b	49a	52
278	2	3	49b	63a	53
279	2	3	63b	88a	54
280	2	3	88b	102a	55
281	2	3	102b	115a	56
282	2	3	115b	129a	57
283	2	3	129b	141	58
284	2	3	142	155a	59
285	2	3	155b	169a	60
286	2	3	169b	182a	61
287	2	3	182b	195a	62
288	2	3	195b	209a	63
289	2	3	209b	223a	64
290	2	3	223b	236a	65
291	2	3	236b	250a	66
292	2	3	250b	263	67
293	2	3	264	277a	68
294	2	3	277b	291a	69
295	2	3	291b	304a	70
296	2	3	304b	318a	71
297	2	3	318b	331a	72
298	2	3	331b	344a	73
299	2	3	344b	358a	74
300	2	3	358b	372a	75
301	2	3	372b	385a	76
302	2	3	385b	399a	77
303	2	3	399b	413a	78
304	2	3	413b	427a	79
305	2	3	427b	440a	80
306	2	3	440b	453	81
307	2	3	454	467a	82
308	2	3	467b	480	83
309	2	3	481	494a	84
310	2	3	494b	507	85
311	2	3	508	521a	86
312	2	3	521b	534	87
313	2	3	535	548a	88
314	2	3	548b	562a	89
315	2	3	562b	576a	90
316	2	3	576b	590a	91
317	2	3	590b	604a	92
318	2	3	604b	618a	93
319	2	3	618b	632a	94
320	2	3	632b	645a	95
321	2	3	645b	649a	96
322	2	3	649b	673a	97
323	2	3	673b	686a	98
324	2	3	686b	699a	99
325	2	3	699b	713a	100
326	2	3	713b	726a	101
327	2	3	726b	738a	102
328	2	3	738b	751a	103
329	2	3	751b	764a	104
330	2	3	764b	770	105
330	2	4	1	4a	105
331	2	4	4b	18a	106
332	2	4	18b	33a	107
333	2	4	33b	46a	108
334	2	4	46b	59a	109
335	2	4	59b	72a	110
336	2	4	72b	85a	111
337	2	4	85b	98	112
338	2	4	99	112a	113
339	2	4	112b	126a	114
340	2	4	126b	138	115
341	2	4	139	152a	116
342	2	4	152b	165a	117
343	2	4	165b	179a	118
344	2	4	179b	192a	119
345	2	4	192b	206a	120
346	2	4	206b	218	121
347	2	4	219	232a	122
348	2	4	232b	245a	123
349	2	4	245b	259a	124
350	2	4	259b	273a	125
351	2	4	273b	286a	126
352	2	4	286b	299	127
353	2	4	300	313a	128
354	2	4	313b	325a	129
355	2	4	325b	339a	130
356	2	4	339b	341	131
356	2	5	1	9a	131
357	2	5	9b	21a	132
358	2	5	21b	33	133
359	2	5	34	46a	134
360	2	5	46b	48	135
360	2	6	1	5	135
361	2	7	1	14a	136
362	2	7	14b	28a	137
363	2	7	28b	42a	138
364	2	7	42b	56a	139
365	2	7	56b	60	140
