vol	page	adhy	fromv	tov
I	26	1	1	5
I	27	1	6	14
I	28	1	15	23
I	29	1	24	32
I	30	1	33	41
I	31	1	42	50
I	32	1	51	59
I	33	1	60	68
I	34	1	69	77
I	35	1	78	86
I	36	1	87	95
I	37	1	96	104
I	38	1	105	113
I	39	1	114	122
I	40	1	123	131
I	41	1	132	140
I	42	1	141	149
I	43	1	150	158
I	44	1	159	167
I	45	1	168	176
I	46	1	177	185
I	47	1	186	194
I	48	1	195	203
I	49	1	204	212
I	50	1	213	221
I	51	1	222	230
I	52	1	231	239
I	53	1	240	248
I	54	1	249	257
I	55	1	258	266
I	56	1	267	275
I	57	1	276	284
I	58	1	285	293
I	59	1	294	302
I	60	1	303	311
I	61	1	312	320
I	62	1	321	329
I	63	1	330	338
I	64	1	339	347
I	65	1	348	356
I	66	1	357	365
I	67	1	366	367
I	68	2	1	7
I	69	2	8	16
I	70	2	17	25
I	71	2	26	34
I	72	2	35	43
I	73	2	44	52
I	74	2	53	61
I	75	2	62	70
I	76	2	71	79
I	77	2	80	88
I	78	2	89	97
I	79	2	98	106
I	80	2	107	115
I	81	2	116	124
I	82	2	125	133
I	83	2	134	142
I	84	2	143	151
I	85	2	152	160
I	86	2	161	169
I	87	2	170	178
I	88	2	179	187
I	89	2	188	196
I	90	2	197	205
I	91	2	206	214
I	92	2	215	223
I	93	2	224	232
I	94	2	233	241
I	95	2	242	250
I	96	2	251	259
I	97	2	260	268
I	98	2	269	277
I	99	2	278	286
I	100	2	287	295
I	101	2	296	304
I	102	2	305	307
I	103	3	1	7
I	104	3	8	16
I	105	3	17	25
I	106	3	26	34
I	107	3	35	43
I	108	3	44	52
I	109	3	53	61
I	110	3	62	70
I	111	3	71	79
I	112	3	80	88
I	113	3	89	97
I	114	3	98	106
I	115	3	107	115
I	116	3	116	124
I	117	3	125	133
I	118	3	134	142
I	119	3	143	151
I	120	3	152	160
I	121	3	161	169
I	122	3	170	178
I	123	3	179	187
I	124	3	188	196
I	125	3	197	205
I	126	3	206	214
I	127	3	215	223
I	128	3	224	232
I	129	3	233	241
I	130	3	242	250
I	131	3	251	259
I	132	3	260	268
I	133	3	269	277
I	134	3	278	286 ok ipage=111

I	135x	3	287	295 missing ipage 112 ?
I	136x	3	296	304 missing ipage 113 ?
I	137x	3	305	313 page 135 ipage 114

I	138x	3	314	322 page 136 ipage 115
I	139x	3	323	331 page 137 ipage 116
I	140x	3	332	335 page 138 ipage 117
