11 Book 6
13 27,1
14 27,12
15 27,35
16 27,58
17 27,80
18 27,103
19 27,122
20 27,142
21 27,165
22 27,188
23 27,209-211
23 28,1
24 28,13
25 28,36
26 28,58
27 28,80
28 28,102
29 28,124
30 28,147
31 28,167
32 29,190-193
32 29,1
33 29,11
34 29,34
35 29,57
36 29,79
37 29,102
38 29,125
39 29,148
40 29,171
41 29,194-199
41 30,1
42 30,7
43 30,30
44 30,53
45 30,75
46 30,98
47 30,121
48 30,142-144
48 31,1
49 31,14
50 31,36
51 31,59
52 31,82-96
52 32,1
53 32,3
54 32,26
55 32,48
56 32,71
57 32,93
58 32,115
59 32,138
60 32,161
61 32,184-197
62 33,1
63 33,22
64 33,44
65 33,67
66 33,89
67 33,111
68 33,133
69 33,156
70 33,178
71 33,201-217
72 34,1
73 34,20
74 34,42
75 34,66
76 34,87
77 34,109
78 34,132
79 34,155
80 34,178
81 34,197
82 34,219
83 34,242
84 34,256-265
85 Book 7
87 35,1
88 35,13
89 35,34
90 35,55
91 35,78
92 35,100
93 35,123
94 35,144
95 35,163-164
95 36,1
96 36,16
97 36,39
98 36,62
99 36,85
100 36,108
101 36,131-135
101 37,1
102 37,10
103 37,33
104 37,56
105 37,79
106 37,102
107 37,125
108 37,148
109 37,171
110 37,194
111 37,217
112 37,239-242
112 38,1
113 38,6
114 38,29
115 38,52
116 38,75
117 38,98
118 38,121
119 38,144
120 38,161-161
120 39,1
121 39,17
122 39,40
123 39,63
124 39,86
125 39,109
126 39,132
127 39,155
128 39,178
129 39,201
130 39,224
131 39,246-247
131 40,1
132 40,16
133 40,36
134 40,58
135 40,81
136 40,104-116
136 41,1
137 41,4
138 41,26
139 42,49-61
139 42,1
140 42,5
141 42,28
142 42,51
143 42,73
144 42,96
145 42,119
146 42,142
147 42,165
148 42,188
149 42,211-225
149 43,1
150 43,2
151 43,25
152 43,48
153 43,70
154 43,93
155 43,116
156 43,137
157 43,160
158 43,183
159 43,205
160 43,229
161 43,247
162 43,258
163 43,269-275
164 blank
165 Book 8
167 44,1
168 44,13
169 44,35
170 44,58
171 44,81
172 44,104
173 44,127
174 44,148
175 44,169
176 44,188-188
176 45,1
177 45,19
178 45,42
179 45,65
180 45,87
181 45,110
182 45,132
183 45,155
184 45,178
185 45,201
186 45,224
187 45,247
188 45,270
189 45,293
190 45,316
191 45,339
192 45,362
193 45,374
194 45,385
195 45,396
196 45,407-413
196 46,1
197 46,7
198 46,30
199 46,53
200 46,76
201 46,99
202 46,122
203 46,145
204 46,168
205 46,191
206 46,214
207 46,236-249
207 47,1
208 47,2
209 47,25
210 47,48
211 47,71
212 47,94
213 47,117-121
213 48,1
214 48,14
215 48,37
216 48,60
217 48,83
218 48,106
219 48,124
220 48,135-138
220 49,1
221 49,12
222 49,35
223 49,58
224 49,81
225 49,104
226 49,127
227 49,150
228 49,173
229 49,196
230 49,219
231 49,242-254
232 50,1
233 50,22
234 50,45
235 50,68
236 50,91
237 50,114
238 50,137
239 50,160
240 50,183
241 50,205-213
242 Anmerkungen und Berichtigungen
247 books IX-XVIII 1866
251 Book IX
253 51,1
254 51,14
255 51,36
256 51,58
257 51,80
258 51,103
259 51,124
260 51,147
261 51,169
262 51,193
263 51,215-227
264 52,1
265 52,22
266 52,45
267 52,68
268 52,91
269 52,112
270 52,135
271 52,158
272 52,180
273 52,203
274 52,226
275 52,249
276 52,272
277 52,296
278 52,318
279 52,341
280 52,364
281 52,387
282 52,407-410
282 53,1
283 53,11
284 53,33
285 53,56
286 53,78
287 53,100
288 53,123
289 53,145
290 53,169
291 53,192-197
291 54,1
292 54,9
293 54,32
294 54,55
295 54,78
296 54,100
297 54,123
298 54,144
299 54,166
300 54,189
301 54,212
302 54,235-241
302 55,1
303 55,8
304 55,28
305 55,51
306 55,74
307 55,97
308 55,120
309 55,136
310 55,159
311 55,182
312 55,205
313 55,228-239
314 56,1
315 56,21
316 56,44
317 56,67
318 56,90
319 56,113
320 56,136
321 56,159
322 56,182
323 56,205
324 56,228
325 56,251
326 56,274
327 56,297
328 56,320
329 56,342
330 56,363
331 56,386
332 56,409
333 56,422-425
335 Book X
337 57,1
338 57,14
339 57,36
340 57,57
341 57,80
342 57,103
343 57,126
344 57,149
345 57,172-177
345 58,1
346 58,8
347 58,31
348 58,53
349 58,72
350 58,93
351 58,114
352 58,137-141
352 59,1
353 59,11
354 59,32
355 59,55
356 59,78
357 59,101
358 59,124
359 59,147
360 59,168
361 59,179-179
361 60,1
362 60,14
363 60,37
364 60,60
365 60,83
366 60,106
367 60,129
368 60,152
369 60,175
370 60,198
371 60,221
372 60,244-255
372 61,1
373 61,4
374 61,19
375 61,35
376 61,50
377 61,71
378 61,94
379 61,117
380 61,139
381 61,160
382 61,179
383 61,197
384 61,216
385 61,236
386 61,251
387 61,269
388 61,286
389 61,303
390 61,324-330
390 62,1
391 62,7
392 62,30
393 62,53
394 62,76
395 62,99
396 62,122
397 62,145
398 62,168
399 62,184
400 62,202
401 62,219
402 62,237-237
402 63,1
403 63,17
404 63,40
405 63,63
406 63,86
407 63,107
408 63,130
409 63,153
410 63,172
411 63,189-195
411 64,1
412 64,7
413 64,25
414 64,41
415 64,62
416 64,85
417 64,108
418 64,131
419 64,154-164
419 65,1
420 65,3
421 65,26
422 65,46
423 65,69
424 65,92
425 65,115
426 65,135
427 65,155
428 65,175
429 65,196
430 65,215
431 65,238-256
432 66,1
433 66,20
434 66,43
435 66,66
436 66,87
437 66,108
438 66,129
439 66,149
440 66,172
441 66,191-193
443 Book XI
445 67,1
446 67,14
447 67,36
448 67,59
449 67,82
450 67,105-115
451 Book XII
453 68,1
454 68,14
455 68,34
456 68,57-73
457 69,1
458 69,20
459 69,43
460 69,65
461 69,86
462 69,109
463 69,132
464 69,155
465 69,178-185
465 70,1
466 70,6
467 70,29
468 70,52
469 70,75
470 70,98
471 70,121-132
471 71,1
472 71,5
473 71,28
474 71,51
475 71,72
476 71,95
477 71,117
478 71,140
479 71,163
480 71,186
481 71,209
482 71,232
483 71,255
484 71,277
485 71,300-305
485 72,1
486 72,11
487 72,33
488 72,56
489 72,79
490 72,102
491 72,125
492 72,148
493 72,171
494 72,194
495 72,217
496 72,240
497 72,263
498 72,296
499 72,309
500 72,332
501 72,355
502 72,378
503 72,400-407
503 73,1
504 73,9
505 73,31
506 73,54
507 73,77
508 73,100
509 73,123
510 73,146
511 73,169
512 73,192
513 73,215
514 73,238
515 73,261
516 73,284
517 73,307
518 73,330
519 73,353
520 73,376
521 73,399
522 73,422-441
523 74,1
524 74,20
525 74,42
526 74,65
527 74,88
528 74,111
529 74,134
530 74,157
531 74,180
532 74,203
533 74,226
534 74,249
535 74,272
536 74,295
537 74,317-326
537 75,1
538 75,7
539 75,27
540 75,50
541 75,72
542 75,95
543 75,118
544 75,141
545 75,164
546 75,186-195
546 76,1
547 76,7
549 76,30-42
548 77,1
549 77,3
550 77,25
551 77,48
552 77,71
553 77,93-95
553 78,1
554 78,13
555 78,36
556 78,59
557 78,82
558 78,102
559 78,124-132
559 79,1
560 79,9
561 79,32-50
562 80,1
563 80,21
564 80,44-54
564 81,1
565 81,6
566 81,29
567 81,52
568 81,75
569 81,98-115
570 82,1
571 82,20
572 82,43-52
572 83,1
573 83,4
574 83,26-39
574 84,1
575 84,3
576 84,25
577 84,49
578 84,66-68
578 85,1
579 85,14
580 85,36-39
580 86,1
581 86,13
582 86,36
583 86,58
584 86,80
585 86,102
586 86,125
587 86,148
588 86,167-171
588 87,1
589 87,9
590 87,32
591 87,54-60
591 88,1
592 88,10
593 88,33
594 88,56-61
594 89,1
595 89,7
596 89,30
597 89,53
598 89,76
599 89,99-115
600 90,1
601 90,21
602 90,44
603 90,67
604 90,90
605 90,113
606 90,136
607 90,159
608 90,182
609 90,202-207
609 91,1
610 91,7
611 91,30
612 91,52-61
612 92,1
613 92,8
614 92,30
615 92,53
616 92,76-87
616 93,1
617 93,2
618 93,23
619 93,46
620 93,69
621 93,92-102
621 94,1
622 94,5
623 94,28
624 94,51
625 94,74
626 94,97
627 94,120-137
628 95,1
629 95,21
630 95,44
631 95,67
632 95,90-97
632 96,1
633 96,4
634 96,27
635 96,47-51
635 97,1
636 97,8
637 97,31-48
638 98,1
639 98,21
640 98,43
641 98,65-75
641 99,1
642 99,8
643 99,31
644 99,45
645 99,56-58
645 100,1
646 100,13
647 100,36
648 100,54-59
648 101,1
649 101,11
650 101,34
651 101,56
652 101,79
653 101,102
654 101,125
655 101,148
656 101,171
657 101,194
658 101,217
659 101,240
660 101,263
661 101,286
662 101,309
663 101,332
664 101,355
665 101,376
666 101,387-392
666 102,1
667 102,8
668 102,31
669 102,54
670 102,77
671 102,100
672 102,123
673 102,146-153
673 103,1
674 103,9
675 103,32
676 103,55
677 103,78
678 103,101
679 103,124
680 103,147
681 103,170
682 103,193
683 103,206
684 103,217
685 103,228
686 103,240-244
687 Book XIII
689 104,1
690 104,13
691 104,36
692 104,59
693 104,82
694 104,105
695 104,128
696 104,151
697 104,174
698 104,197
699 104,219-220
700 blank
701 Book XIV
703 105,1
704 105,14
705 105,35
706 105,58
707 105,81-91
707 106,1
708 106,5
709 106,28
710 106,51
711 106,74
712 106,96
713 106,118
714 106,141
715 106,164
716 106,184-186
716 107,1
717 107,13
718 107,35
719 107,58
720 107,81
721 107,104
722 107,127-139
722 108,1
723 108,2
724 108,25
725 108,48
726 108,71
727 108,94
728 108,117
729 108,140
730 108,163
731 108,186
732 108,207-208
733 Book XV
735 109,1
736 109,14
737 109,37
738 109,60
739 109,83
740 109,106
741 109,129
742 109,149-152
742 110,1
743 110,13
744 110,36
745 110,59
746 110,82
747 110,105
748 110,128
749 110,145-149
750 blank
751 Book XVI
753 111,1
754 111,14
755 111,36
756 111,58
757 111,81
758 111,104-106
758 112,1
759 112,13
760 112,35
761 112,58
762 112,81
763 112,103
764 112,124
765 112,146
766 112,168
767 112,189
768 112,210-214
768 113,1
769 113,9
770 113,31
771 113,54
772 113,77
773 113,98-100
774 blank
775 Book XVII
777 114,1
778 114,14
779 114,35
780 114,57
781 114,80
782 114,101
783 114,124-142
784 114,143-144
784 115,1
785 115,15
786 115,38
787 115,61
788 115,84
789 115,107
790 115,130
791 115,153-156
791 116,1
792 116,14
793 116,37
794 116,60
795 116,83-95
795 117,1
796 117,3
797 117,26
798 117,49
799 117,70
800 117,93
801 117,116
802 117,139
803 117,162
804 117,178-182
804 118,1
805 118,11
806 118,34
807 118,57
808 118,80
809 118,103
810 118,126
811 118,149
812 118,172
813 118,194-197
813 119,1
814 119,13
815 119,36
816 119,59
817 119,82
818 119,105
819 119,128
820 119,151
821 119,174
822 119,194
823 119,205
824 119,217-219
825 Book XVIII
827 120,1
828 120,12
829 120,35
830 120,58
831 120,81
832 120,104
833 120,127-133
833 121,1
834 121,11
835 121,34
836 121,57
837 121,79
838 121,102
839 121,125
840 121,148
841 121,171
842 121,194
843 121,216
844 121,239
845 121,262
846 121,280-280
846 122,1
847 122,18
848 122,41
849 122,64
850 122,87
851 122,108-112
851 123,1
852 123,12
853 123,35
854 123,58
855 123,81
856 123,104
857 123,127
858 123,150
859 123,172
860 123,195
861 123,218
862 123,240
863 123,263
864 123,286
865 123,309
866 123,332-344
867 124,1
868 124,22
869 124,45
870 124,67
871 124,90
872 124,112
873 124,133
874 124,156
875 124,179
876 124,202
877 124,225
878 124,243-251
879 KERN Remarks
894 END Kern Remarks --- THE END!
