11 Book 6
13 27,1
14 27,
15 27,
16 27,
17 27,
18 27,
19 27,
20 27,
21 27,
22 27,
23 28,1
24 28,
25 28,
26 28,
27 28,
28 28,
29 28,
30 28,
31 28,
32 29,1
33 29,
34 29,
35 29,
36 29,
37 29,
38 29,
39 29,
40 29,
41 30,1
42 30,
43 30,
44 30,
45 30,
46 30,
47 30,
48 31,1
49 31,
50 31,
51 31,
52 32,1
53 32,
54 32,
55 32,
56 32,
57 32,
58 32,
59 32,
60 32,
61 32,
62 33,1
63 33,
64 33,
65 33,
66 33,
67 33,
68 33,
69 33,
70 33,
71 33,
72 34,1
73 34,
74 34,
75 34,
76 34,
77 34,
78 34,
79 34,
80 34,
81 34,
82 34,
83 34,
84 34,
85 Book 7
87 35,1
88 35,
89 35,
90 35,
91 35,
92 35,
93 35,
94 35,
95 36,1
96 36,
97 36,
98 36,
99 36,
100 36,
101 37,1
102 37,
103 37,
104 37,
105 37,
106 37,
107 37,
108 37,
109 37,
110 37,
111 37,
112 38,1
113 38,
114 38,
115 38,
116 38,
117 38,
118 38,
119 38,
120 39,1
121 39,
122 39,
123 39,
124 39,
125 39,
126 39,
127 39,
128 39,
129 39,
130 39,
131 40,1
132 40,
133 40,
134 40,
135 40,
136 41,1
137 41,
138 41,
139 42,1
140 42,
141 42,
142 42,
143 42,
144 42,
145 42,
146 42,
147 42,
148 42,
149 43,1
150 43,
151 43,
152 43,
153 43,
154 43,
155 43,
156 43,
157 43,
158 43,
159 43,
160 43,
161 43,
162 43,
163 43,
164 43,
165 Book 8
167 44,1
168 44,
169 44,
170 44,
171 44,
172 44,
173 44,
174 44,
175 44,
176 45,1
177 45,
178 45,
179 45,
180 45,
181 45,
182 45,
183 45,
184 45,
185 45,
186 45,
187 45,
188 45,
189 45,
190 45,
191 45,
192 45,
193 45,
194 45,
195 45,
196 46,1
197 46,
198 46,
199 46,
200 46,
201 46,
202 46,
203 46,
204 46,
205 46,
206 46,
207 47,1
208 47,
209 47,
210 47,
211 47,
212 47,
213 48,1
214 48,
215 48,
216 48,
217 48,
218 48,
219 48,
220 49,1
221 49,
222 49,
223 49,
224 49,
225 49,
226 49,
227 49,
228 49,
229 49,
230 49,
231 49,
232 50,1
233 50,
234 50,
235 50,
236 50,
237 50,
238 50,
239 50,
240 50,
241 50,
242 Anmerkungen und Berichtigungen
247 books IX-XVIII 1866
251 Book IX
253 51,1
254 51,
255 51,
256 51,
257 51,
258 51,
259 51,
260 51,
261 51,
262 51,
263 51,
264 52,1
265 52,
266 52,
267 52,
268 52,
269 52,
270 52,
271 52,
272 52,
273 52,
274 52,
275 52,
276 52,
277 52,
278 52,
279 52,
280 52,
281 52,
282 53,1
283 53,
284 53,
285 53,
286 53,
287 53,
288 53,
289 53,
290 53,
291 54,1
292 54,
293 54,
294 54,
295 54,
296 54,
297 54,
298 54,
299 54,
300 54,
301 54,
302 55,1
303 55,
304 55,
305 55,
306 55,
307 55,
308 55,
309 55,
310 55,
311 55,
312 55,
313 55,
314 56,1
315 56,
316 56,
317 56,
318 56,
319 56,
320 56,
321 56,
322 56,
323 56,
324 56,
325 56,
326 56,
327 56,
328 56,
329 56,
330 56,
331 56,
332 56,
333 56,
334 56,
335 Book X
337 57,1
338 57,
339 57,
340 57,
341 57,
342 57,
343 57,
344 57,
345 58,1
346 58,
347 58,
348 58,
349 58,
350 58,
351 58,
352 59,1
353 59,
354 59,
355 59,
356 59,
357 59,
358 59,
359 59,
360 59,
361 60,1
362 60,
363 60,
364 60,
365 60,
366 60,
367 60,
368 60,
369 60,
370 60,
371 60,
372 61,1
373 61,
374 61,
375 61,
376 61,
377 61,
378 61,
379 61,
380 61,
381 61,
382 61,
383 61,
384 61,
385 61,
386 61,
387 61,
388 61,
389 61,
390 62,1
391 62,
392 62,
393 62,
394 62,
395 62,
396 62,
397 62,
398 62,
399 62,
400 62,
401 62,
402 63,1
403 63,
404 63,
405 63,
406 63,
407 63,
408 63,
409 63,
410 63,
411 64,1
412 64,
413 64,
414 64,
415 64,
416 64,
417 64,
418 64,
419 65,1
420 65,
421 65,
422 65,
423 65,
424 65,
425 65,
426 65,
427 65,
428 65,
429 65,
430 65,
431 65,
432 66,1
433 66,
434 66,
435 66,
436 66,
437 66,
438 66,
439 66,
440 66,
441 66,
442 66,
443 Book XI
445 67,1
446 67,
447 67,
448 67,
449 67,
450 67,
451 Book XII
453 68,1
454 68,
455 68,
456 68,
457 69,1
458 69,
459 69,
460 69,
461 69,
462 69,
463 69,
464 69,
465 70,1
466 70,
467 70,
468 70,
469 70,
470 70,
471 71,1
472 71,
473 71,
474 71,
475 71,
476 71,
477 71,
478 71,
479 71,
480 71,
481 71,
482 71,
483 71,
484 71,
485 72,1
486 72,
487 72,
488 72,
489 72,
490 72,
491 72,
492 72,
493 72,
494 72,
495 72,
496 72,
497 72,
498 72,
499 72,
500 72,
501 72,
502 72,
503 73,1
504 73,
505 73,
506 73,
507 73,
508 73,
509 73,
510 73,
511 73,
512 73,
513 73,
514 73,
515 73,
516 73,
517 73,
518 73,
519 73,
520 73,
521 73,
522 73,
523 74,1
524 74,
525 74,
526 74,
527 74,
528 74,
529 74,
530 74,
531 74,
532 74,
533 74,
534 74,
535 74,
536 74,
537 75,1
538 75,
539 75,
540 75,
541 75,
542 75,
543 75,
544 75,
545 75,
546 76,1
547 76,
548 77,1
549 77,
550 77,
551 77,
552 77,
553 78,1
554 78,
555 78,
556 78,
557 78,
558 78,
559 79,1
560 79,
561 79,
562 80,1
563 80,
564 81,1
565 81,
566 81,
567 81,
568 81,
569 81,
570 82,1
571 82,
572 83,1
573 83,
574 84,1
575 84,
576 84,
577 84,
578 85,1
579 85,
580 86,1
581 86,
582 86,
583 86,
584 86,
585 86,
586 86,
587 86,
588 87,1
589 87,
590 87,
591 88,1
592 88,
593 88,
594 89,1
595 89,
596 89,
597 89,
598 89,
599 89,
600 90,1
601 90,
602 90,
603 90,
604 90,
605 90,
606 90,
607 90,
608 90,
609 91,1
610 91,
611 91,
612 92,1
613 92,
614 92,
615 92,
616 93,1
617 93,
618 93,
619 93,
620 93,
621 94,1
622 94,
623 94,
624 94,
625 94,
626 94,
627 94,
628 95,1
629 95,
630 95,
631 95,
632 96,1
633 96,
634 96,
635 97,1
636 97,
637 97,
638 98,1
639 98,
640 98,
641 99,1
642 99,
643 99,
644 99,
645 100,1
646 100,
647 100,
648 101,1
649 101,
650 101,
651 101,
652 101,
653 101,
654 101,
655 101,
656 101,
657 101,
658 101,
659 101,
660 101,
661 101,
662 101,
663 101,
664 101,
665 101,
666 102,1
667 102,
668 102,
669 102,
670 102,
671 102,
672 102,
673 103,1
674 103,
675 103,
676 103,
677 103,
678 103,
679 103,
680 103,
681 103,
682 103,
683 103,
684 103,
685 103,
686 103,
687 Book XIII
689 104,1
690 104,
691 104,
692 104,
693 104,
694 104,
695 104,
696 104,
697 104,
698 104,
699 104,
700 104,
701 Book XIV
703 105,1
704 105,
705 105,
706 105,
707 106,1
708 106,
709 106,
710 106,
711 106,
712 106,
713 106,
714 106,
715 106,
716 107,1
717 107,
718 107,
719 107,
720 107,
721 107,
722 108,1
723 108,
724 108,
725 108,
726 108,
727 108,
728 108,
729 108,
730 108,
731 108,
732 108,
733 Book XV
735 109,1
736 109,
737 109,
738 109,
739 109,
740 109,
741 109,
742 110,1
743 110,
744 110,
745 110,
746 110,
747 110,
748 110,
749 110,
750 110,
751 Book XVI
753 111,1
754 111,
755 111,
756 111,
757 111,
758 112,1
759 112,
760 112,
761 112,
762 112,
763 112,
764 112,
765 112,
766 112,
767 112,
768 113,1
769 113,
770 113,
771 113,
772 113,
773 113,
774 113,
775 Book XVII
777 114,1
778 114,
779 114,
780 114,
781 114,
782 114,
783 114,
784 115,1
785 115,
786 115,
787 115,
788 115,
789 115,
790 115,
791 116,1
792 116,
793 116,
794 116,
795 117,1
796 117,
797 117,
798 117,
799 117,
800 117,
801 117,
802 117,
803 117,
804 118,1
805 118,
806 118,
807 118,
808 118,
809 118,
810 118,
811 118,
812 118,
813 119,1
814 119,
815 119,
816 119,
817 119,
818 119,
819 119,
820 119,
821 119,
822 119,
823 119,
824 119,
825 Book XVIII
827 120,1
828 120,
829 120,
830 120,
831 120,
832 120,
833 121,1
834 121,
835 121,
836 121,
837 121,
838 121,
839 121,
840 121,
841 121,
842 121,
843 121,
844 121,
845 121,
846 122,1
847 122,
848 122,
849 122,
850 122,
851 123,1
852 123,
853 123,
854 123,
855 123,
856 123,
857 123,
858 123,
859 123,
860 123,
861 123,
862 123,
863 123,
864 123,
865 123,
866 123,
867 124,1
868 124,
869 124,
870 124,
871 124,
872 124,
873 124,
874 124,
875 124,
876 124,
877 124,
878 124,
879 KERN Remarks
894 END Kern Remarks --- THE END!
