22 Book 1
24 1,
25 1,
26 1,
27 1,
28 1,
29 1,
30 1,
31 1,
32 2,
33 2,
34 2,
35 2,
36 2,
37 2,
38 2,
39 2,
40 2,
41 3,
42 3,
43 3,
44 3,
45 3,
46 3,
47 3,
48 3,
49 3,
50 4,
51 4,
52 4,
53 4,
54 4,
55 4,
56 4,
57 4,
58 4,
59 4,
60 4,
61 4,
62 4,
63 4,
64 4,
65 5,
66 5,
67 5,
68 5,
69 5,
70 5,
71 5,
72 5,
73 5,
74 5,
75 5,
76 5,
77 5,
78 5,
79 5,
80 6,
81 6,
82 6,
83 6,
84 6,
85 6,
86 6,
87 6,
88 6,
89 6,
90 6,
91 6,
92 6,
93 6,
94 6,
95 6,
96 6,
97 6,
98 7,
99 7,
100 7,
101 7,
102 7,
103 7,
104 7,
105 7,
106 7,
107 7,
108 7,
109 7,
110 8,
111 8,
112 8,
113 8,
114 8,
115 8,
116 Book 2
118 9,
119 9,
120 9,
121 9,
122 9,
123 9,
124 9,
125 9,
126 9,
127 9,
128 10,
129 10,
130 10,
131 10,
132 10,
133 10,
134 10,
135 10,
136 10,
137 10,
138 10,
139 10,
140 10,
141 10,
142 10,
143 10,
144 10,
145 10,
146 10,
147 10,
148 10,
149 10,
150 10,
151 11,
152 11,
153 11,
154 11,
155 11,
156 11,
157 11,
158 11,
159 11,
160 12,
161 12,
162 12,
163 12,
164 12,
165 12,
166 12,
167 12,
168 12,
169 12,
170 12,
171 12,
172 12,
173 12,
174 12,
175 12,
176 12,
177 12,
178 12,
179 12,
180 12,
181 13,
182 13,
183 13,
184 13,
185 13,
186 13,
187 13,
188 13,
189 13,
190 13,
191 13,
192 13,
193 13,
194 13,
195 13,
196 13,
197 13,
198 13,
199 13,
200 13,
201 13,
202 14,
203 14,
204 14,
205 14,
206 14,
207 14,
208 14,
209 14,
210 14,
211 14,
212 Book 3 
214 15,
215 15,
216 15,
217 15,
218 15,
219 15,
220 15,
221 15,
222 15,
223 15,
224 15,
225 15,
226 15,
227 15,
228 15,
229 15,
230 15,
231 16,
232 16,
233 16,
234 16,
235 16,
236 16,
237 16,
238 16,
239 16,
240 16,
241 16,
242 16,
243 16,
244 17,
245 17,
246 17,
247 17,
248 17,
249 17,
250 17,
251 17,
252 17,
253 17,
254 17,
255 17,
256 17,
257 17,
258 17,
259 17,
260 17,
261 17,
262 17,
263 18,
264 18,
265 18,
266 18,
267 18,
268 18,
269 18,
270 18,
271 18,
272 18,
273 18,
274 18,
275 18,
276 18,
277 18,
278 18,
279 18,
280 18,
281 18,
282 18,
283 18,
284 18,
285 18,
286 18,
287 18,
288 18,
289 18,
290 18,
291 18,
292 18,
293 18,
294 18,
295 18,
296 18,
297 18,
298 18,
299 18,
300 18,
301 18,
302 18,
303 18,
304 18,
305 19,
306 19,
307 19,
308 19,
309 19,
310 19,
311 19,
312 19,
313 19,
314 19,
315 19,
316 19,
317 19,
318 20,
319 20,
320 20,
321 20,
322 20,
323 20,
324 20,
325 20,
326 20,
327 20,
328 20,
329 20,
330 20,
331 20,
332 20,
333 20,
334 20,
335 20,
336 20,
337 20,
338 20,
339 20,
340 20,
341 20,
342 20,
343 20,
344 Book 4
346 21,
347 21,
348 21,
349 21,
350 21,
351 21,
352 21,
353 21,
354 21,
355 21,
356 21,
357 21,
358 21,
359 21,
360 21,
361 21,
362 22,
363 22,
364 22,
365 22,
366 22,
367 22,
368 22,
369 22,
370 22,
371 22,
372 22,
373 22,
374 22,
375 22,
376 22,
377 22,
378 22,
379 22,
380 22,
381 22,
382 22,
383 22,
384 22,
385 22,
386 22,
387 22,
388 22,
389 23,
390 23,
391 23,
392 23,
393 23,
394 23,
395 23,
396 23,
397 23,
398 23,
399 23,
400 Book 5
402 24,
403 24,
404 24,
405 24,
406 24,
407 24,
408 24,
409 24,
410 24,
411 24,
412 24,
413 24,
414 24,
415 24,
416 24,
417 24,
418 24,
419 24,
420 24,
421 24,
422 24,
423 24,
424 24,
425 24,
426 24,
427 25,
428 25,
429 25,
430 25,
431 25,
432 25,
433 25,
434 25,
435 25,
436 25,
437 25,
438 25,
439 25,
440 25,
441 25,
442 25,
443 25,
444 25,
445 25,
446 25,
447 25,
448 25,
449 25,
450 25,
451 25,
452 25,
453 25,
454 25,
455 25,
456 25,
457 25,
458 25,
459 26,
460 26,
461 26,
462 26,
463 26,
464 26,
465 26,
466 26,
467 26,
468 26,
469 26,
470 26,
471 26,
472 26,
473 26,
474 26,
475 26,
476 26,
477 26,
478 26,
479 26,
480 26,
481 26,
482 26,
483 26,
484 26,
485 26,
486 26,
487 26,
488 26,
489 26,
490 26,
491 German
