11 Book 6
13 27
23 28
32 29
41 30
48 31
52 32
62 33
72 34
85 Book 7
87 35
95 36
101 37
112 38
120 39
131 40
136 41
139 42
149 43
165 Book 8
167 44
176 45
196 46
207 47
213 48
220 49
232 50
242 Anmerkungen und Berichtigungen
247 books IX-XVIII 1866
251 Book IX
253 51
264 52
282 53
291 54
302 55
314 56
335 Book X
337 57
345 58
352 59
361 60
372 61
390 62
402 63
411 64
419 65
432 66
443 Book XI
445 67
451 Book XII
453 68
457 69
465 70
471 71
485 72
503 73
523 74
537 75
546 76
548 77
553 78
559 79
562 80
564 81
570 82
572 83
574 84
578 85
580 86
588 87
591 88
594 89
600 90
609 91
612 92
616 93
621 94
628 95
632 96
635 97
638 98
641 99
645 100
648 101
666 102
673 103
687 Book XIII
689 104
701 Book XIV
703 105
707 106
716 107
722 108
733 Book XV
735 109
742 110
751 Book XVI
753 111
758 112
768 113
775 Book XVII
777 114
784 115
791 116
795 117
804 118
813 119
825 Book XVIII
827 120
833 121
846 122
851 123
867 124
879 KERN Remarks
894 END Kern Remarks --- THE END!
