22 Book 1
24 1,1
25 1,8
26 1,17
27 1,27
28 1,37
29 1,47
30 1,57
31 1,65-66
32 2,1
33 2,9
34 2,19
35 2,29
36 2,39
37 2,49
38 2,59
39 2,69
40 2,79-83
41 3,1
42 3,8
43 3,18
44 3,28
45 3,38
46 3,48
47 3,58
48 3,67
49 3,76-79
50 4,1
51 4,9
52 4,19
53 4,29
54 4,39
55 4,49
56 4,59
57 4,69
58 4,79
59 4,89
60 4,99
61 4,109
62 4,119
63 4,129
64 4,137-137
65 5,1
66 5,9
67 5,19
68 5,29
69 5,39
70 5,49
71 5,59
72 5,69
73 5,78
74 5,88
75 5,98
76 5,108
77 5,118
78 5,128
79 5,138-141
80 6,1
81 6,9
82 6,19
83 6,29
84 6,39
85 6,49
86 6,59
87 6,69
88 6,79
89 6,89
90 6,99
91 6,109
92 6,119
93 6,129
94 6,139
95 6,149
96 6,159
97 6,167-167
98 7,1
99 7,9
100 7,19
101 7,29
102 7,39
103 7,49
104 7,59
105 7,69
106 7,79
107 7,89
108 7,99
109 7,109-113
110 8,1
111 8,9
112 8,19
113 8,29
114 8,37-38
115 blank
116 Book 2
118 9,1
119 9,8
120 9,18
121 9,28
122 9,38
123 9,48
124 9,58
125 9,68
126 9,78
127 9,88-90
128 10,1
129 10,9
130 10,19
131 10,29
132 10,39
133 10,49
134 10,59
135 10,69
136 10,79
137 10,89
138 10,99
139 10,109
140 10,119
141 10,129
142 10,139
143 10,149
144 10,159
145 10,169
146 10,179
147 10,189
148 10,199
149 10,208
150 10,217-217
151 11,1
152 11,9
153 11,19
154 11,29
155 11,39
156 11,49
157 11,59
158 11,69
159 11,79-83
160 12,1
161 12,9
162 12,19
163 12,29
164 12,39
165 12,49
166 12,59
167 12,69
168 12,78
169 12,88
170 12,98
171 12,108
172 12,118
173 12,128
174 12,138
175 12,148
176 12,158
177 12,168
178 12,178
179 12,188
180 12,195-195
181 13,1
182 13,9
183 13,19
184 13,29
185 13,39
186 13,49
187 13,58
188 13,68
189 13,78
190 13,88
191 13,98
192 13,108
193 13,118
194 13,128
195 13,138
196 13,148
197 13,158
198 13,168
199 13,178
200 13,188
201 13,195-196
202 14,1
203 14,9
204 14,19
205 14,29
206 14,39
207 14,49
208 14,59
209 14,69
210 14,79
211 14,88-90
212 Book 3 
214 15,1
215 15,8
216 15,17
217 15,26
218 15,35
219 15,45
220 15,54
221 15,63
222 15,73
223 15,82
224 15,91
225 15,99
226 15,108
227 15,118
228 15,128
229 15,138
230 15,148-149
231 16,1
232 16,9
233 16,19
234 16,29
235 16,39
236 16,49
237 16,59
238 16,69
239 16,79
240 16,89
241 16,99
242 16,109
243 16,119-123
244 17,1
245 17,8
246 17,18
247 17,28
248 17,36
249 17,45
250 17,55
251 17,64
252 17,74
253 17,84
254 17,94
255 17,104
256 17,114
257 17,124
258 17,133
259 17,142
260 17,151
261 17,161
262 17,170-171
263 18,1
264 18,8
265 18,18
266 18,28
267 18,38
268 18,48
269 18,58
270 18,68
271 18,77
272 18,87
273 18,97
274 18,107
275 18,117
276 18,127
277 18,137
278 18,147
279 18,157
280 18,167
281 18,177
282 18,187
283 18,197
284 18,207
285 18,217
286 18,227
287 18,237
288 18,247
289 18,257
290 18,267
291 18,277
292 18,287
293 18,297
294 18,307
295 18,317
296 18,327
297 18,337
298 18,347
299 18,357
300 18,367
301 18,377
302 18,387
303 18,397
304 18,406-407
305 19,1
306 19,9
307 19,18
308 19,28
309 19,38
310 19,48
311 19,57
312 19,67
313 19,77
314 19,87
315 19,97
316 19,107
317 19,117-118
318 20,1
319 20,7
320 20,17
321 20,27
322 20,37
323 20,47
324 20,57
325 20,67
326 20,77
327 20,87
328 20,97
329 20,107
330 20,117
331 20,127
332 20,137
333 20,147
334 20,157
335 20,167
336 20,177
337 20,187
338 20,197
339 20,207
340 20,217
341 20,226
342 20,230-230
343 blank
344 Book 4
346 21,1
347 21,7
348 21,17
349 21,27
350 21,37
351 21,47
352 21,56
353 21,66
354 21,76
355 21,86
356 21,96
357 21,105
358 21,115
359 21,125
360 21,135
361 21,145-148
362 22,1
363 22,9
364 22,18
365 22,28
366 22,38
367 22,48
368 22,58
369 22,68
370 22,78
371 22,88
372 22,98
373 22,108
374 22,118
375 22,128
376 22,138
377 22,148
378 22,158
379 22,168
380 22,178
381 22,188
382 22,198
383 22,208
384 22,218
385 22,228
386 22,238
387 22,249
388 22,256-259
389 23,1
390 23,9
391 23,19
392 23,29
393 23,38
394 23,48
395 23,57
396 23,67
397 23,77
398 23,87
399 23,91-94
400 Book 5
402 24,1
403 24,8
404 24,18
405 24,27
406 24,37
407 24,47
408 24,56
409 24,66
410 24,76
411 24,85
412 24,95
413 24,105
414 24,115
415 24,125
416 24,135
417 24,145
418 24,155
419 24,165
420 24,175
421 24,185
422 24,195
423 24,204
424 24,213
425 24,223
426 24,229-232
427 25,1
428 25,8
429 25,18
430 25,28
431 25,38
432 25,48
433 25,58
434 25,68
435 25,77
436 25,87
437 25,97
438 25,107
439 25,117
440 25,127
441 25,137
442 25,147
443 25,157
444 25,167
445 25,177
446 25,187
447 25,197
448 25,207
449 25,217
450 25,227
451 25,237
452 25,247
453 25,257
454 25,267
455 25,277
456 25,287
457 25,293
458 25,298-298
459 26,1
460 26,9
461 26,19
462 26,29
463 26,39
464 26,49
465 26,59
466 26,69
467 26,79
468 26,89
469 26,98
470 26,108
471 26,118
472 26,128
473 26,138
474 26,146
475 26,156
476 26,166
477 26,176
478 26,186
479 26,195
480 26,205
481 26,215
482 26,225
483 26,235
484 26,245
485 26,254
486 26,264
487 26,271
488 26,276
489 26,281
490 26,285-287
491 German
